GENERACIÓN 0
612 905 22 218 86 60 229 118 -0.015506138
687 866 93 218 251 92 80 157 -0.018929478
555 818 190 54 49 130 10 23 -0.020733146
691 726 180 19 234 229 166 245 -0.020901931
929 955 13 112 235 197 214 163 -0.14834766
578 709 175 186 251 177 5 164 -0.1534352
599 846 232 38 175 225 278 134 -0.1553487
123 124 126 94 235 75 32 129 -0.15679817
330 717 71 87 206 14 28 180 -0.16447403
680 852 291 39 113 263 135 274 -0.173968
618 912 73 112 197 187 266 175 -0.17587526
767 900 189 7 108 242 58 171 -0.32131392
259 761 107 206 56 40 119 8 -0.3346603
617 861 113 176 275 239 125 130 -0.42343882
118 164 294 135 115 295 221 145 -0.47104844
905 919 25 167 6 56 204 131 -0.48739767
Mejor: 612 905 22 218 86 60 229 118 -0.015506138

-------------------------------------------------
GENERACIÓN 1
691 726 180 19 234 229 166 245 -0.018111417
680 852 291 39 113 263 135 274 -0.018666746
330 717 71 87 206 14 28 180 -0.018807502
578 709 175 186 251 177 5 164 -0.019140102
767 900 73 7 108 187 58 171 -0.019334363
929 955 13 112 235 197 214 163 -0.022081653
617 861 113 176 275 239 119 8 -0.037724037
259 761 107 206 56 40 125 130 -0.1473759
599 124 126 38 235 75 32 129 -0.15890555
618 912 189 112 197 242 266 175 -0.17579144
123 846 232 94 175 225 278 134 -0.1864819
555 818 190 54 49 130 10 23 -0.19459748
118 919 294 167 115 56 221 131 -0.22181858
905 164 25 135 6 295 204 145 -0.23609735
612 905 22 218 251 60 80 118 -0.4352549
687 866 93 218 86 92 229 157 -0.6045652
Mejor: 612 905 22 218 86 60 229 118 -0.015506138

-------------------------------------------------
GENERACIÓN 2
118 919 294 167 115 56 221 131 -0.016606316
687 866 93 218 86 92 229 157 -0.01678625
330 717 71 87 206 14 28 180 -0.016974986
123 846 232 94 175 225 278 134 -0.018627038
691 726 291 19 113 229 135 245 -0.019209884
767 900 13 112 235 187 214 171 -0.020502938
618 912 189 112 197 242 266 175 -0.020672802
617 861 113 176 275 239 119 8 -0.022455988
905 164 25 135 6 295 204 145 -0.02264086
929 955 73 7 108 197 58 163 -0.024904793
555 818 190 54 49 130 10 23 -0.025295282
612 905 22 218 251 60 80 118 -0.026071556
599 124 126 38 235 75 32 129 -0.03376126
680 852 180 39 234 263 166 274 -0.17324118
259 761 107 206 56 40 125 130 -0.17881471
578 709 175 186 251 177 5 164 -0.5127117
Mejor: 612 905 22 218 86 60 229 118 -0.015506138

-------------------------------------------------
GENERACIÓN 3
929 955 73 7 108 197 58 163 -0.016671246
555 818 190 54 49 130 10 23 -0.01904978
691 726 291 19 113 229 135 245 -0.019263627
259 761 107 206 56 40 125 130 -0.019966682
612 905 22 218 251 60 80 118 -0.02064517
118 919 93 218 115 92 221 131 -0.020696566
330 717 71 87 206 14 28 180 -0.020702953
680 852 126 38 235 75 166 129 -0.15363163
123 846 232 94 175 225 278 134 -0.16422237
599 124 180 39 234 263 32 274 -0.16672033
687 866 294 167 86 56 229 157 -0.2781475
767 900 13 112 235 187 214 171 -0.29953346
905 164 25 135 6 295 204 145 -0.30599806
578 709 175 186 251 177 5 164 -0.37997183
618 861 113 176 197 242 266 8 -0.38103464
617 912 189 112 275 239 119 175 -0.47087717
Mejor: 612 905 22 218 86 60 229 118 -0.015506138

-------------------------------------------------
GENERACIÓN 4
118 905 93 218 251 60 221 131 -0.015664965
680 852 126 87 206 75 166 180 -0.016142547
555 818 190 54 49 130 10 23 -0.016487064
905 709 175 186 251 177 204 164 -0.017291395
123 846 232 94 175 225 278 134 -0.018806584
929 955 73 7 108 197 58 163 -0.019129062
617 861 189 112 197 239 266 8 -0.019212386
599 124 180 39 234 263 32 274 -0.019831248
578 164 25 135 6 295 5 145 -0.023198178
691 761 107 19 56 229 125 130 -0.1550905
767 900 13 112 235 187 214 171 -0.16946639
612 919 22 218 115 92 80 118 -0.20692122
259 726 291 206 113 40 135 245 -0.2083912
687 866 294 167 86 56 229 157 -0.30474153
330 717 71 38 235 14 28 129 -0.31942615
618 912 113 176 275 242 119 175 -0.42037168
Mejor: 612 905 22 218 86 60 229 118 -0.015506138

-------------------------------------------------
GENERACIÓN 5
905 709 175 186 251 177 204 164 -0.017015735
929 846 232 7 108 197 58 163 -0.01730015
618 912 113 38 235 242 28 175 -0.017604535
599 124 180 39 234 263 32 274 -0.01842138
680 852 126 87 206 75 166 180 -0.019852487
612 919 13 112 115 92 214 171 -0.02213413
555 818 190 54 49 130 10 23 -0.025180193
330 717 71 176 275 14 119 129 -0.025359444
123 955 73 94 175 225 278 134 -0.15351062
578 164 25 135 6 295 5 145 -0.16366047
687 726 294 206 86 40 229 245 -0.16913249
691 761 107 19 56 229 125 130 -0.17649595
767 900 22 218 235 187 80 118 -0.256518
118 905 93 218 251 60 221 131 -0.29237974
617 861 189 112 197 239 266 8 -0.30769426
259 866 291 167 113 56 135 157 -0.38585126
Mejor: 612 905 22 218 86 60 229 118 -0.015506138

-------------------------------------------------
GENERACIÓN 6
599 124 180 39 234 263 32 274 -0.014249705
555 818 190 54 275 14 10 129 -0.018898297
123 955 25 94 175 225 5 145 -0.019291535
680 919 126 87 206 75 166 171 -0.019428713
687 726 294 206 86 40 229 245 -0.019860258
767 900 22 218 235 60 80 118 -0.020810697
929 846 232 7 108 197 58 163 -0.026214376
618 912 113 38 235 242 28 175 -0.027559908
330 717 71 176 49 130 119 23 -0.15110442
905 709 175 186 251 177 204 164 -0.15911198
617 861 189 112 197 239 266 8 -0.16370347
578 164 73 135 6 295 278 134 -0.17276458
259 866 291 167 113 56 135 157 -0.1806529
612 852 13 112 115 92 214 180 -0.18830709
691 761 107 19 56 229 125 130 -0.28690508
118 905 93 218 251 187 221 131 -0.30985156
Mejor: 599 124 180 39 234 263 32 274 -0.014249705

-------------------------------------------------
GENERACIÓN 7
618 912 113 38 235 242 28 175 -0.015958548
123 955 25 94 175 225 5 145 -0.016175088
330 717 71 176 49 130 119 23 -0.018458715
929 846 232 7 108 197 58 163 -0.021344425
599 124 180 39 234 263 32 274 -0.051379193
612 852 13 112 115 92 214 180 -0.1549191
578 164 73 135 197 295 266 8 -0.16215263
617 861 189 112 6 239 278 134 -0.16651164
687 900 22 218 86 40 80 245 -0.1708725
767 726 294 206 235 60 229 118 -0.17958122
259 866 291 167 113 56 135 157 -0.18823351
680 919 126 87 206 75 166 171 -0.19655947
691 761 107 19 56 229 221 130 -0.2104637
118 905 93 218 251 187 125 131 -0.30785593
905 709 175 186 251 177 204 164 -0.4743731
555 818 190 54 275 14 10 129 -0.5672633
Mejor: 618 912 113 38 235 242 28 175 -0.015958548

-------------------------------------------------
GENERACIÓN 8
118 905 107 218 56 187 125 130 -0.01687811
687 900 22 218 86 40 80 245 -0.017387891
618 912 113 38 235 225 28 145 -0.018001232
617 861 189 112 6 239 278 134 -0.018517626
330 846 232 7 108 130 119 23 -0.019795807
123 955 25 94 175 242 5 175 -0.020574594
599 124 180 39 234 263 32 274 -0.020762416
578 164 73 135 197 295 266 8 -0.024695685
612 852 13 112 115 92 214 180 -0.027017288
680 919 126 87 206 75 166 171 -0.032622535
691 761 93 19 251 229 221 131 -0.1762979
905 818 175 54 275 177 10 129 -0.1843765
259 866 291 167 113 56 135 157 -0.1874181
555 709 190 186 251 14 204 164 -0.21530353
767 726 294 206 235 60 229 118 -0.33833566
929 717 71 176 49 197 58 163 -0.4310949
Mejor: 618 912 113 38 235 242 28 175 -0.015958548

-------------------------------------------------
GENERACIÓN 9
687 900 22 218 56 187 125 245 -0.014018259
929 726 71 206 235 60 58 118 -0.01631433
691 761 93 19 251 229 221 131 -0.017040718
905 818 175 54 275 177 10 129 -0.018516762
123 846 232 7 175 242 5 175 -0.021250064
618 912 113 38 235 225 28 145 -0.024811538
599 124 180 135 234 295 266 8 -0.16479485
259 866 291 167 113 56 135 157 -0.16481748
680 919 126 112 115 75 166 171 -0.16603592
555 709 190 186 251 14 204 164 -0.17175989
118 905 107 218 86 40 80 130 -0.17695482
767 717 294 176 49 197 229 163 -0.17722477
330 955 25 94 108 130 119 23 -0.18610877
578 164 73 39 197 263 32 274 -0.22141479
612 852 13 87 206 92 214 180 -0.24634911
617 861 189 112 6 239 278 134 -0.31783462
Mejor: 687 900 22 218 56 187 125 245 -0.014018259

-------------------------------------------------
GENERACIÓN 10
123 912 232 38 235 242 28 145 -0.014594026
259 866 180 135 113 56 135 157 -0.017231572
618 846 113 7 175 225 5 175 -0.017333703
578 955 25 94 197 263 32 23 -0.018746002
599 124 291 167 234 295 266 8 -0.022049515
680 919 126 112 115 75 166 171 -0.023706554
691 761 93 19 251 229 221 131 -0.1478096
555 709 190 186 251 14 204 164 -0.15467982
905 818 175 54 275 177 10 129 -0.15652914
687 900 71 206 235 60 125 118 -0.1685412
118 717 294 176 49 40 229 130 -0.17316538
612 852 13 112 206 239 214 134 -0.1935761
929 726 22 218 56 187 58 245 -0.22009784
617 861 189 87 6 92 278 180 -0.29468027
767 905 107 218 86 197 80 163 -0.29700595
330 164 73 39 108 130 119 274 -0.32137582
Mejor: 687 900 22 218 56 187 125 245 -0.014018259

-------------------------------------------------
GENERACIÓN 11
555 709 93 19 251 14 221 131 -0.015493766
767 905 107 218 86 197 80 163 -0.016722143
617 726 189 87 6 92 278 180 -0.017430691
612 852 294 176 206 40 229 130 -0.020133002
123 866 232 135 235 242 28 145 -0.020918809
578 955 25 94 197 263 32 23 -0.02118425
618 846 113 7 175 225 5 175 -0.023608143
330 164 73 39 108 130 119 274 -0.025129816
905 818 71 206 235 177 125 129 -0.025169967
691 761 190 186 251 229 204 164 -0.033264954
687 900 175 54 275 60 10 118 -0.15657984
259 912 180 38 113 56 135 157 -0.17807676
118 717 13 112 49 239 214 134 -0.19644254
929 861 22 218 56 187 58 245 -0.2535568
680 919 126 112 115 75 166 171 -0.29298076
599 124 291 167 234 295 266 8 -0.37497368
Mejor: 687 900 22 218 56 187 125 245 -0.014018259

-------------------------------------------------
GENERACIÓN 12
680 919 126 167 234 295 166 8 -0.014801041
123 866 25 135 197 242 32 145 -0.016415166
767 905 93 19 251 197 80 131 -0.01664987
929 717 13 218 49 239 58 134 -0.017981464
555 709 107 218 86 14 221 163 -0.021493398
330 164 113 7 175 130 5 274 -0.021769017
687 912 175 38 275 60 10 118 -0.023119487
617 726 189 87 6 92 278 180 -0.024739122
691 818 190 186 251 229 125 129 -0.15528248
618 846 73 39 108 225 119 175 -0.15661399
905 761 71 206 235 177 204 164 -0.15770715
259 900 180 54 113 56 135 157 -0.16369402
612 852 294 176 206 40 229 130 -0.16976719
578 955 232 94 235 263 28 23 -0.17146094
118 861 22 112 56 187 214 245 -0.17477185
599 124 291 112 115 75 266 171 -0.4296976
Mejor: 687 900 22 218 56 187 125 245 -0.014018259

-------------------------------------------------
GENERACIÓN 13
123 866 25 167 197 295 166 145 -0.014480029
599 861 22 112 56 187 214 171 -0.015646677
578 955 232 94 235 263 28 23 -0.018076813
929 717 13 19 49 239 58 131 -0.019488214
259 761 180 206 235 56 204 157 -0.019784294
618 846 73 39 251 229 119 129 -0.023122719
680 919 126 135 234 242 32 8 -0.027971854
691 818 190 186 108 225 125 175 -0.15972568
118 124 291 112 115 75 266 245 -0.16955775
617 726 189 87 6 92 278 180 -0.17665572
767 905 93 218 251 197 80 134 -0.20120923
687 912 175 38 275 60 10 118 -0.20319855
905 900 71 54 113 177 135 164 -0.27324793
555 164 113 7 86 130 221 163 -0.307115
330 709 107 218 175 14 5 274 -0.32570153
612 852 294 176 206 40 229 130 -0.34973776
Mejor: 687 900 22 218 56 187 125 245 -0.014018259

-------------------------------------------------
GENERACIÓN 14
929 717 13 19 49 239 58 131 -0.013973427
599 861 22 112 56 187 214 171 -0.015688205
118 726 189 87 115 92 266 180 -0.016512418
767 905 93 218 251 60 10 134 -0.0168273
687 912 175 38 275 197 80 118 -0.018175265
330 709 107 176 206 40 229 274 -0.018922746
123 866 25 167 197 295 166 145 -0.019584084
691 818 126 186 234 225 32 175 -0.019662747
555 164 113 7 86 130 221 163 -0.02039117
618 846 73 39 251 229 119 129 -0.021320341
617 124 291 112 6 75 278 245 -0.1515806
612 852 294 218 175 14 5 130 -0.15979266
578 955 232 94 235 263 28 23 -0.160824
905 900 71 54 113 177 135 164 -0.2924365
680 919 190 135 108 242 125 8 -0.3806322
259 761 180 206 235 56 204 157 -0.44567218
Mejor: 929 717 13 19 49 239 58 131 -0.013973427

-------------------------------------------------
GENERACIÓN 15
767 905 93 218 251 60 10 134 -0.014510297
578 900 71 94 235 177 135 23 -0.017762436
687 912 175 38 275 197 80 118 -0.017813347
330 709 107 176 206 40 229 274 -0.020428203
599 717 22 112 56 187 214 131 -0.02052571
123 866 25 167 197 295 166 145 -0.021254202
905 955 232 54 113 263 28 164 -0.022148164
259 761 180 206 235 56 204 157 -0.15407701
618 164 73 7 251 229 221 129 -0.16353996
929 861 13 19 49 239 58 171 -0.16615714
617 124 291 112 6 75 278 245 -0.17998247
612 852 294 218 175 14 5 130 -0.1963448
680 919 190 135 108 242 125 8 -0.30749568
118 726 189 87 115 92 266 180 -0.4038227
555 846 113 39 86 130 119 163 -0.41396987
691 818 126 186 234 225 32 175 -0.42337796
Mejor: 929 717 13 19 49 239 58 131 -0.013973427

-------------------------------------------------
GENERACIÓN 16
618 164 73 19 251 239 221 129 -0.016083188
555 846 113 39 86 130 119 163 -0.01693234
578 900 71 218 235 177 135 134 -0.018343886
259 955 180 206 235 263 204 157 -0.019472301
118 726 189 87 115 92 266 180 -0.019765627
123 866 25 167 197 295 166 145 -0.02330575
330 709 107 176 206 40 229 274 -0.023570133
767 905 93 94 251 60 10 23 -0.026187256
905 761 232 54 113 56 28 164 -0.026816024
929 861 13 7 49 229 58 171 -0.17679499
680 919 190 135 108 242 125 8 -0.22149973
687 912 175 38 275 197 80 118 -0.22452156
617 852 294 218 6 14 5 130 -0.28336146
612 124 291 112 175 75 278 245 -0.3014833
691 818 126 186 234 225 32 175 -0.33702138
599 717 22 112 56 187 214 131 -0.45415255
Mejor: 929 717 13 19 49 239 58 131 -0.013973427

-------------------------------------------------
GENERACIÓN 17
578 900 71 218 235 177 135 134 -0.014246456
555 846 113 39 86 130 119 163 -0.01597721
905 861 13 54 49 56 58 164 -0.022013329
330 709 107 94 251 40 10 274 -0.033096414
612 852 294 112 175 75 5 130 -0.037238564
259 955 180 206 235 263 204 157 -0.16331
118 726 25 167 115 92 166 145 -0.16415532
599 717 22 112 56 187 214 131 -0.17138165
617 124 291 218 6 14 278 245 -0.18016563
123 866 189 87 197 295 266 180 -0.21669441
618 164 73 19 251 239 221 129 -0.27876413
680 919 190 135 108 242 125 8 -0.30710986
767 905 93 176 206 60 229 23 -0.3123288
691 818 126 186 234 225 32 175 -0.31271598
929 761 232 7 113 229 28 171 -0.37402347
687 912 175 38 275 197 80 118 -0.4838024
Mejor: 929 717 13 19 49 239 58 131 -0.013973427

-------------------------------------------------
GENERACIÓN 18
555 846 71 218 86 130 135 134 -0.013637781
330 709 107 94 251 40 10 274 -0.019199064
680 919 190 135 108 242 125 8 -0.019751245
687 912 175 38 275 197 28 118 -0.022135193
617 124 291 87 6 14 278 180 -0.024223248
259 955 180 112 235 263 204 130 -0.024881223
123 866 189 218 197 295 266 245 -0.024969244
691 905 126 186 234 225 32 23 -0.028578313
578 900 113 39 235 177 119 163 -0.16762847
599 717 22 167 115 187 214 131 -0.17869788
929 761 232 7 113 229 80 171 -0.21076883
767 818 93 176 206 60 229 175 -0.21665047
612 852 294 206 175 75 5 157 -0.299615
905 861 13 54 49 56 58 164 -0.30079487
118 726 25 112 56 92 166 145 -0.33675155
618 164 73 19 251 239 221 129 -0.35155842
Mejor: 555 846 71 218 86 130 135 134 -0.013637781

-------------------------------------------------
GENERACIÓN 19
118 726 25 112 56 92 166 145 -0.016222563
618 164 73 19 251 239 221 129 -0.017651325
330 709 107 94 251 40 10 274 -0.01798527
687 919 190 38 275 242 125 8 -0.01823215
680 912 175 135 108 197 28 118 -0.018333992
905 861 13 54 49 56 58 164 -0.02297656
617 124 291 87 6 14 278 180 -0.023377756
612 852 294 206 175 75 5 157 -0.02510821
555 846 71 218 86 130 135 134 -0.025649086
767 818 93 176 206 60 229 175 -0.028113363
599 717 22 167 115 187 214 131 -0.15292391
259 955 180 112 235 263 204 130 -0.16404623
578 900 113 39 235 177 119 163 -0.17224926
929 761 232 7 113 229 80 171 -0.1731873
123 866 189 218 197 295 266 245 -0.31801695
691 905 126 186 234 225 32 23 -0.43687272
Mejor: 118 726 25 112 56 92 166 145 -0.016222563

-------------------------------------------------
GENERACIÓN 20
612 124 291 87 6 75 278 157 -0.014394407
118 726 25 112 251 239 166 129 -0.015922748
330 709 190 38 275 40 10 8 -0.015978409
123 866 189 218 197 225 32 245 -0.01699
555 846 71 218 86 130 135 134 -0.017221568
687 919 107 94 251 242 125 274 -0.017708264
680 912 13 54 49 197 58 118 -0.018414132
599 717 22 167 115 187 214 131 -0.01845234
691 905 126 186 234 295 266 23 -0.019930938
617 852 294 206 175 14 5 180 -0.022264587
929 761 232 7 113 229 80 171 -0.022982216
618 164 73 19 56 92 221 145 -0.14968781
767 818 93 176 206 60 229 175 -0.1538047
259 955 180 112 235 263 204 130 -0.17778607
905 861 175 135 108 56 28 164 -0.19927157
578 900 113 39 235 177 119 163 -0.43901038
Mejor: 612 124 291 87 6 75 278 157 -0.014394407

-------------------------------------------------
GENERACIÓN 21
259 955 180 176 235 263 204 175 -0.01417799
687 919 107 94 251 242 125 274 -0.016059136
578 900 113 135 108 56 119 164 -0.016408242
680 912 22 167 49 197 58 131 -0.019624332
612 124 291 87 6 75 278 157 -0.020517474
767 818 93 112 206 60 229 130 -0.02074776
618 761 232 19 56 229 80 145 -0.020910114
599 717 13 54 115 187 214 118 -0.022462869
555 846 71 218 86 130 135 134 -0.15426385
905 861 175 39 235 177 28 163 -0.1598937
691 905 126 186 234 295 266 23 -0.16124247
929 164 73 7 113 92 221 171 -0.17548753
330 866 189 218 275 225 32 8 -0.18810858
123 709 190 38 197 40 10 245 -0.26244676
617 852 294 206 175 14 5 180 -0.3042097
118 726 25 112 251 239 166 129 -0.3108206
Mejor: 259 955 180 176 235 263 204 175 -0.01417799

-------------------------------------------------
GENERACIÓN 22
687 919 180 176 235 242 204 175 -0.01502458
612 818 93 87 6 60 278 130 -0.017345972
617 852 294 206 175 14 5 180 -0.017572306
929 164 73 7 113 92 221 171 -0.020854836
618 761 232 19 115 187 214 118 -0.022730993
680 912 22 167 49 197 58 131 -0.16011962
578 900 113 135 108 56 119 164 -0.16191252
259 955 107 94 251 263 125 274 -0.165547
691 905 126 186 234 295 266 23 -0.1711842
118 726 25 112 251 239 166 129 -0.1729726
599 717 13 54 56 229 80 145 -0.17453963
555 861 71 39 86 177 28 163 -0.17684354
905 846 175 218 235 130 135 134 -0.30235794
330 709 189 218 275 225 10 8 -0.3613609
123 866 190 38 197 40 32 245 -0.44317937
767 124 291 112 206 75 229 157 -0.48997077
Mejor: 259 955 180 176 235 263 204 175 -0.01417799

-------------------------------------------------
GENERACIÓN 23
767 124 190 38 206 40 229 157 -0.013953865
118 726 126 112 234 239 266 129 -0.016532125
691 905 25 186 251 295 166 23 -0.016646119
618 761 232 19 115 187 214 118 -0.017255688
687 919 180 176 235 242 204 175 -0.023313472
330 709 189 218 235 225 135 8 -0.028559385
905 846 175 218 275 130 10 134 -0.15057133
578 900 113 135 108 56 119 164 -0.16992898
123 866 291 112 197 75 32 245 -0.17006855
929 852 73 206 175 92 5 171 -0.17404239
617 164 294 7 113 14 221 180 -0.18761228
555 861 71 39 86 177 28 163 -0.24824817
612 818 93 87 6 60 278 130 -0.29365906
599 717 13 54 56 229 80 145 -0.29593134
680 912 22 167 49 197 58 131 -0.3040333
259 955 107 94 251 263 125 274 -0.5510571
Mejor: 767 124 190 38 206 40 229 157 -0.013953865

-------------------------------------------------
GENERACIÓN 24
123 866 291 112 197 75 32 245 -0.01645206
612 717 13 54 6 60 80 145 -0.022623705
599 818 93 87 56 229 278 130 -0.026167667
618 761 232 186 251 187 214 23 -0.15315019
905 846 175 218 275 130 10 134 -0.15443234
929 852 73 206 175 92 5 171 -0.15716295
118 726 126 112 206 239 266 129 -0.16115674
259 955 107 94 251 263 125 274 -0.16265588
691 905 25 19 115 295 166 118 -0.18215352
555 164 71 39 113 14 221 180 -0.20099019
578 900 113 135 108 56 119 164 -0.21700205
687 709 180 176 235 242 135 8 -0.30122742
680 912 22 167 49 197 58 131 -0.3522072
617 861 294 7 86 177 28 163 -0.41615078
767 124 190 38 234 40 229 157 -0.44272986
330 919 189 218 235 225 204 175 -0.54516214
Mejor: 767 124 190 38 206 40 229 157 -0.013953865

-------------------------------------------------
GENERACIÓN 25
578 900 113 135 108 56 135 8 -0.01646515
599 761 232 186 251 229 278 23 -0.016538559
687 709 180 176 235 242 119 164 -0.01751782
680 861 294 7 86 197 58 131 -0.017811129
259 726 126 94 251 239 125 274 -0.01950121
118 955 107 112 206 263 266 129 -0.021358654
612 717 291 112 197 75 32 145 -0.022247603
617 912 22 167 49 177 28 163 -0.14787716
123 866 13 54 6 60 80 245 -0.14957994
905 846 175 218 275 130 10 134 -0.1684243
691 164 71 39 113 295 221 118 -0.17092617
555 905 25 19 115 14 166 180 -0.17166595
618 818 93 87 56 187 214 130 -0.17531891
767 919 189 218 234 225 229 157 -0.19124912
330 124 190 38 235 40 204 175 -0.280668
929 852 73 206 175 92 5 171 -0.46986702
Mejor: 767 124 190 38 206 40 229 157 -0.013953865

-------------------------------------------------
GENERACIÓN 26
578 900 113 186 108 229 278 23 -0.016667893
259 726 126 112 206 239 266 274 -0.018266065
118 955 107 94 251 263 125 129 -0.020482138
617 912 291 112 197 75 28 163 -0.026265189
612 717 22 167 49 177 32 145 -0.15585819
123 846 175 54 275 60 10 134 -0.15616463
618 818 93 87 56 187 214 130 -0.16265962
687 709 180 176 235 242 119 164 -0.16602929
929 852 73 206 175 92 5 171 -0.16792528
599 761 232 135 251 56 135 8 -0.17848025
680 861 294 7 86 197 58 131 -0.2626973
767 919 189 218 234 225 229 157 -0.30998978
691 905 25 39 115 295 221 180 -0.31092268
330 124 190 38 235 40 204 175 -0.3145865
555 164 71 19 113 14 166 118 -0.33177075
905 866 13 218 6 130 80 245 -0.53836507
Mejor: 767 124 190 38 206 40 229 157 -0.013953865

-------------------------------------------------
GENERACIÓN 27
680 861 294 7 86 197 58 131 -0.013591923
905 866 13 19 113 130 166 118 -0.017127814
259 726 113 186 108 239 266 23 -0.017674165
612 846 175 54 49 60 10 145 -0.020459997
618 818 180 87 235 187 214 164 -0.020823577
687 709 93 176 56 242 119 130 -0.021002427
330 124 25 38 115 40 221 180 -0.023078538
555 164 71 218 6 14 80 245 -0.023353837
599 761 232 206 175 92 135 8 -0.026719311
691 905 190 39 235 295 204 175 -0.15569305
578 900 126 112 206 229 278 274 -0.16018538
767 919 189 218 234 225 229 157 -0.17364849
929 852 73 135 251 56 5 171 -0.34633806
118 955 107 94 251 263 125 129 -0.39323965
617 912 291 112 197 75 28 163 -0.41293097
123 717 22 167 275 177 32 134 -0.5086766
Mejor: 680 861 294 7 86 197 58 131 -0.013591923

-------------------------------------------------
GENERACIÓN 28
929 852 73 135 251 56 5 171 -0.017843515
599 905 190 39 175 295 135 8 -0.018572623
578 900 126 112 206 229 278 274 -0.018859087
680 861 294 7 86 197 58 131 -0.021866234
555 164 25 38 6 14 80 180 -0.021900943
617 912 291 112 197 75 28 163 -0.021939708
259 726 113 54 108 239 10 145 -0.027205722
612 846 175 186 49 60 266 23 -0.1502519
767 919 189 218 234 225 229 157 -0.16491161
691 761 232 206 235 92 204 175 -0.16560805
330 124 71 218 115 40 221 245 -0.16730835
687 709 180 87 235 242 214 164 -0.18058825
118 955 107 94 251 263 125 129 -0.23815475
123 717 22 167 275 177 32 134 -0.25844437
618 818 93 176 56 187 119 130 -0.331152
905 866 13 19 113 130 166 118 -0.4000816
Mejor: 929 852 73 135 251 56 5 171 -0.017843515

-------------------------------------------------
GENERACIÓN 29
687 709 180 87 235 242 214 164 -0.013639881
599 905 73 135 251 295 5 8 -0.013926171
767 761 189 218 234 225 229 175 -0.0163113
118 955 107 94 275 263 125 129 -0.017142966
618 818 93 176 56 187 119 130 -0.01760831
330 124 71 218 115 40 221 245 -0.019867752
578 900 126 112 206 229 278 274 -0.020593882
555 912 25 112 6 75 28 163 -0.023103438
123 717 22 167 251 177 32 134 -0.15018646
612 846 175 186 108 60 10 23 -0.17627494
680 861 294 7 86 197 58 131 -0.17774664
905 866 13 19 113 130 166 118 -0.19470072
259 726 113 54 49 239 266 145 -0.30621672
617 164 291 38 197 14 80 180 -0.31464192
691 919 232 206 235 92 204 157 -0.31646046
929 852 190 39 175 56 135 171 -0.54543823
Mejor: 687 709 180 87 235 242 214 164 -0.013639881

-------------------------------------------------
GENERACIÓN 30
259 164 291 38 49 239 80 145 -0.015522506
118 955 107 94 275 263 125 129 -0.017065542
612 846 175 186 108 60 10 23 -0.018573614
905 866 13 19 113 130 166 118 -0.019789262
680 861 294 7 86 197 58 131 -0.021336531
330 124 71 218 115 40 221 245 -0.021437503
578 912 25 112 206 229 28 163 -0.022527287
929 919 232 206 235 56 135 157 -0.023099972
555 900 126 112 6 75 278 274 -0.02505666
687 709 180 87 235 242 214 164 -0.025169471
617 726 113 54 197 14 266 180 -0.14973997
599 905 73 135 251 295 5 8 -0.16042447
618 818 93 176 56 187 119 130 -0.18285602
123 717 22 167 251 177 32 134 -0.19179042
691 852 190 39 175 92 204 171 -0.22616273
767 761 189 218 234 225 229 175 -0.27343982
Mejor: 259 164 291 38 49 239 80 145 -0.015522506

-------------------------------------------------
