GENERACIÓN 0
686 877 155 178 101 164 2 216 -692389.2
338 685 99 14 152 150 197 131 -783814.3
933 939 249 73 231 291 16 255 -1035752.8
777 866 150 57 161 104 94 94 -1205434.1
294 670 207 95 264 221 119 22 -1239470.5
144 814 26 232 239 296 296 234 -1294895.4
528 613 145 49 208 277 149 10 -1310075.5
383 527 236 102 241 231 190 178 -1597485.4
485 769 234 7 292 38 53 154 -1598087.9
199 433 118 143 197 288 263 250 -1663675.9
840 913 125 65 289 206 159 32 -1730041.4
902 931 148 284 150 48 155 285 -1860744.0
32 855 15 53 282 279 5 273 -2054532.5
911 952 206 281 196 287 282 13 -2323211.8
467 922 96 102 149 42 167 132 -2573520.5
911 959 170 139 131 42 296 83 -2732979.0
Mejor: 686 877 155 178 101 164 2 216 -692389.2

-------------------------------------------------
GENERACIÓN 1
294 670 26 232 239 296 296 234 -584409.3
383 527 236 102 241 231 190 178 -631458.5
294 670 26 232 239 296 296 234 -584409.3
686 877 155 178 101 164 2 216 -710304.0
338 685 99 14 152 150 197 131 -783814.3
686 877 155 178 101 164 2 216 -852450.0
199 433 118 143 197 288 263 250 -897064.3
933 939 249 73 231 291 16 255 -1035752.8
777 866 150 57 161 104 94 94 -1205434.1
294 670 207 95 264 221 119 22 -1239470.5
528 685 145 14 208 277 197 131 -1247549.5
144 814 26 232 239 296 296 234 -1294895.4
528 613 145 49 208 277 149 10 -1310075.5
383 527 236 102 241 231 190 178 -1597485.4
485 769 234 7 292 38 53 154 -1598087.9
199 433 118 143 197 288 263 250 -1663675.9
Mejor: 294 670 26 232 239 296 296 234 -584409.3

-------------------------------------------------
GENERACIÓN 2
294 670 26 232 239 296 296 234 -584409.3
294 670 26 232 239 296 296 234 -584409.3
199 866 150 57 197 288 94 94 -616598.5
933 939 249 73 231 291 16 255 -627256.5
383 527 236 102 241 231 190 178 -631458.5
144 670 26 232 239 296 296 234 -687374.3
686 877 155 178 101 164 2 216 -710304.0
338 685 99 14 152 150 197 131 -783814.3
933 939 249 73 231 291 16 255 -836064.7
686 877 155 178 101 164 2 216 -852450.0
199 433 118 143 197 288 263 250 -897064.3
933 939 249 73 231 291 16 255 -916816.7
528 685 145 14 208 277 197 131 -987786.5
933 939 249 73 231 291 16 255 -1035752.8
294 670 26 232 239 296 296 234 -1065452.5
294 814 26 232 239 296 296 234 -1096502.4
Mejor: 294 670 26 232 239 296 296 234 -584409.3

-------------------------------------------------
GENERACIÓN 3
383 939 249 102 241 291 16 178 -372672.0
294 670 26 232 239 296 296 234 -584409.3
383 939 249 102 241 291 16 178 -372672.0
199 866 150 57 197 288 94 94 -616598.5
933 939 249 73 231 291 16 255 -627256.5
383 527 236 102 241 231 190 178 -631458.5
199 527 236 143 241 288 263 250 -651268.2
383 433 118 102 197 231 190 178 -665342.3
144 670 26 232 239 296 296 234 -687374.3
686 877 155 178 101 164 2 216 -710304.0
933 877 249 178 231 291 16 216 -717056.3
338 685 99 14 152 150 197 131 -783814.3
199 939 249 73 197 288 16 255 -815230.0
933 939 249 73 231 291 16 255 -815670.8
933 939 249 73 231 291 16 255 -836064.7
686 877 155 178 101 164 2 216 -852450.0
Mejor: 383 939 249 102 241 291 16 178 -372672.0

-------------------------------------------------
GENERACIÓN 4
199 670 236 232 241 288 263 234 -72319.5
933 939 249 73 231 291 16 255 -333281.5
383 939 249 102 241 291 16 178 -372672.0
199 670 236 232 241 288 263 234 -72319.5
294 670 26 232 239 296 296 234 -584409.3
294 670 26 57 197 288 94 234 -585751.8
383 866 249 102 241 288 94 178 -589483.0
933 939 249 73 231 291 16 255 -594283.2
199 866 150 57 197 288 94 94 -616598.5
199 866 150 232 239 296 296 94 -622704.3
933 939 249 73 231 291 16 255 -627256.5
383 527 236 102 241 231 190 178 -631458.5
199 527 236 143 241 288 263 250 -651268.2
383 433 118 102 197 231 190 178 -665342.3
144 670 26 232 239 296 296 234 -687374.3
686 877 155 178 101 164 2 216 -710304.0
Mejor: 199 670 236 232 241 288 263 234 -72319.5

-------------------------------------------------
GENERACIÓN 5
294 670 26 57 239 296 296 234 -57612.832
199 670 236 232 241 288 263 234 -72319.5
294 670 26 57 239 296 296 234 -57612.832
199 670 236 232 241 288 263 234 -186475.33
294 670 26 232 197 288 94 234 -213269.67
199 670 236 232 241 288 263 234 -220170.17
199 670 236 232 241 288 263 234 -329891.66
933 939 249 73 231 291 16 255 -333281.5
383 939 249 102 241 291 16 178 -372672.0
383 939 249 102 241 291 16 178 -463221.34
294 670 26 232 239 296 296 234 -584409.3
294 670 26 57 197 288 94 234 -585751.8
383 866 249 102 241 288 94 178 -589483.0
933 939 249 73 231 291 16 255 -594283.2
199 866 150 57 197 288 94 94 -616598.5
199 866 150 232 239 296 296 94 -622704.3
Mejor: 294 670 26 57 239 296 296 234 -57612.832

-------------------------------------------------
GENERACIÓN 6
294 670 26 57 239 296 296 234 -57612.832
294 670 26 57 239 296 296 234 -57612.832
199 670 236 232 241 288 263 234 -72319.5
199 670 236 232 241 288 263 234 -186475.33
294 670 26 232 197 288 94 234 -213269.67
199 670 236 232 241 288 263 234 -220170.17
294 670 26 57 239 296 296 234 -220537.83
199 670 236 232 241 288 263 234 -329891.66
933 939 249 73 231 291 16 255 -333281.5
383 939 249 102 241 291 16 178 -372672.0
294 670 26 57 239 296 296 234 -448476.66
383 939 249 102 241 291 16 178 -463221.34
383 939 249 102 241 291 16 178 -503220.34
294 670 26 232 239 296 296 234 -584409.3
294 670 26 57 197 288 94 234 -585751.8
383 866 249 102 241 288 94 178 -589483.0
Mejor: 294 670 26 57 239 296 296 234 -57612.832

-------------------------------------------------
GENERACIÓN 7
294 670 26 57 239 296 296 234 283824.34
933 939 249 73 231 291 16 255 -25091.834
294 670 26 57 239 296 296 234 -57612.832
294 670 26 57 239 296 296 234 283824.34
199 670 236 232 241 288 263 234 -72319.5
199 670 236 232 241 288 263 234 -186475.33
294 670 26 232 197 288 94 234 -213269.67
199 670 236 232 241 288 263 234 -220170.17
294 670 26 57 239 296 296 234 -220537.83
199 670 236 232 241 288 263 234 -329891.66
933 939 249 73 231 291 16 255 -333281.5
383 939 249 102 241 291 16 178 -372672.0
294 670 26 57 239 296 296 234 -448476.66
383 939 249 102 241 291 16 178 -463221.34
383 939 249 102 241 291 16 178 -503220.34
294 670 26 232 239 296 296 234 -584409.3
Mejor: 294 670 26 57 239 296 296 234 283824.34

-------------------------------------------------
GENERACIÓN 8
294 670 26 57 239 296 296 234 283824.34
294 670 26 57 239 296 296 234 283824.34
294 670 26 57 239 296 296 234 72189.336
933 939 249 73 231 291 16 255 -25091.834
294 670 26 57 239 296 296 234 -57612.832
294 670 26 57 239 296 296 234 -59282.832
199 670 236 232 241 288 263 234 -72319.5
294 670 26 57 197 296 94 234 -151826.33
199 670 236 232 241 288 263 234 -186475.33
294 670 26 232 197 288 94 234 -213269.67
199 670 236 232 241 288 263 234 -220170.17
294 670 26 57 239 296 296 234 -220537.83
199 670 236 232 241 288 263 234 -329891.66
933 939 249 73 231 291 16 255 -333281.5
383 939 249 102 241 291 16 178 -372672.0
294 670 26 57 239 296 296 234 -448476.66
Mejor: 294 670 26 57 239 296 296 234 283824.34

-------------------------------------------------
GENERACIÓN 9
294 670 236 57 239 288 296 234 752174.7
294 670 26 57 239 296 296 234 283824.34
294 670 236 57 239 288 296 234 752174.7
294 670 26 57 239 296 296 234 277000.16
294 670 26 57 239 296 296 234 72189.336
294 670 26 57 239 296 296 234 1828.5
933 939 249 73 231 291 16 255 -25091.834
294 670 26 57 239 296 296 234 -57612.832
294 670 26 57 239 296 296 234 -59282.832
199 670 236 232 241 288 263 234 -72319.5
294 670 26 57 197 296 94 234 -151826.33
199 670 236 232 241 288 263 234 -186475.33
294 670 26 232 197 288 94 234 -213269.67
199 670 236 232 241 288 263 234 -220170.17
294 670 26 57 239 296 296 234 -220537.83
199 670 236 232 241 288 263 234 -329891.66
Mejor: 294 670 236 57 239 288 296 234 752174.7

-------------------------------------------------
GENERACIÓN 10
294 670 236 57 239 288 296 234 752174.7
294 670 236 57 239 288 296 234 752174.7
294 670 26 57 239 296 296 234 283824.34
294 670 26 57 239 296 296 234 277000.16
294 670 26 57 239 296 296 234 72189.336
294 670 236 57 239 288 296 234 61851.832
294 670 26 57 239 296 296 234 1828.5
933 939 249 73 231 291 16 255 -25091.834
294 670 26 57 239 296 296 234 -57612.832
294 670 26 57 239 296 296 234 -59282.832
199 670 236 232 241 288 263 234 -72319.5
294 670 26 57 197 296 94 234 -151826.33
199 670 236 232 241 288 263 234 -186475.33
294 670 26 232 197 288 94 234 -213269.67
199 670 236 232 241 288 263 234 -220170.17
294 670 26 57 239 296 296 234 -220537.83
Mejor: 294 670 236 57 239 288 296 234 752174.7

-------------------------------------------------
GENERACIÓN 11
294 670 236 57 239 288 296 234 752174.7
294 670 236 57 239 288 296 234 752174.7
294 670 26 57 239 296 296 234 283824.34
294 670 26 57 239 296 296 234 277000.16
294 670 26 57 239 296 296 234 72189.336
294 670 236 57 239 288 296 234 61851.832
294 670 26 57 239 296 296 234 1828.5
933 939 249 73 231 291 16 255 -25091.834
294 670 26 57 239 296 296 234 -57612.832
294 670 26 57 239 296 296 234 -59282.832
199 670 236 232 241 288 263 234 -72319.5
294 670 26 57 197 296 94 234 -151826.33
294 670 26 57 239 296 296 234 -178689.83
199 670 236 232 241 288 263 234 -186475.33
294 670 26 232 197 288 94 234 -213269.67
199 670 236 232 241 288 263 234 -220170.17
Mejor: 294 670 236 57 239 288 296 234 752174.7

-------------------------------------------------
GENERACIÓN 12
294 670 236 57 239 288 296 234 752174.7
294 670 236 57 239 288 296 234 752174.7
294 670 26 57 239 296 296 234 283824.34
294 670 26 57 239 296 296 234 277000.16
294 670 26 57 239 296 296 234 262961.0
294 670 26 57 239 296 296 234 148422.67
294 670 26 57 239 296 296 234 72189.336
294 670 236 57 239 288 296 234 61851.832
294 670 26 57 239 296 296 234 1828.5
933 939 249 73 231 291 16 255 -25091.834
294 670 26 57 239 296 296 234 -57612.832
294 670 26 57 239 296 296 234 -59282.832
199 670 236 232 241 288 263 234 -72319.5
294 670 26 57 197 296 94 234 -151826.33
294 670 26 57 239 296 296 234 -178689.83
199 670 236 232 241 288 263 234 -186475.33
Mejor: 294 670 236 57 239 288 296 234 752174.7

-------------------------------------------------
GENERACIÓN 13
294 670 236 57 239 288 296 234 752174.7
294 670 236 57 239 288 296 234 752174.7
294 670 26 57 239 296 296 234 283824.34
294 670 26 57 239 296 296 234 277000.16
294 670 26 57 239 296 296 234 262961.0
294 670 26 57 239 296 296 234 148422.67
294 670 236 57 239 288 296 234 83367.336
294 670 26 57 239 296 296 234 72189.336
294 670 236 57 239 288 296 234 61851.832
294 670 26 57 239 296 296 234 1828.5
933 939 249 73 231 291 16 255 -25091.834
294 670 26 57 239 296 296 234 -57612.832
294 670 26 57 239 296 296 234 -59282.832
199 670 236 232 241 288 263 234 -72319.5
294 670 26 57 197 296 94 234 -151826.33
294 670 26 57 239 296 296 234 -178689.83
Mejor: 294 670 236 57 239 288 296 234 752174.7

-------------------------------------------------
GENERACIÓN 14
294 670 236 57 239 288 296 234 752174.7
294 670 236 57 239 288 296 234 752174.7
294 670 26 57 239 296 296 234 283824.34
294 670 26 57 239 296 296 234 277000.16
294 670 26 57 239 296 296 234 262961.0
294 670 26 57 239 296 296 234 148422.67
294 670 236 57 239 288 296 234 83367.336
294 670 26 57 239 296 296 234 72189.336
294 670 236 57 239 288 296 234 61851.832
294 670 26 57 239 296 296 234 1828.5
933 939 249 73 231 291 16 255 -25091.834
294 670 26 57 239 296 296 234 -57612.832
294 670 26 57 239 296 296 234 -59282.832
199 670 236 232 241 288 263 234 -72319.5
294 670 26 57 197 296 94 234 -151826.33
294 670 26 57 239 296 296 234 -178689.83
Mejor: 294 670 236 57 239 288 296 234 752174.7

-------------------------------------------------
GENERACIÓN 15
294 670 236 57 239 288 296 234 752174.7
294 670 236 57 239 288 296 234 752174.7
294 670 26 57 239 296 296 234 547460.3
294 670 26 57 239 296 296 234 283824.34
294 670 26 57 239 296 296 234 277000.16
294 670 26 57 239 296 296 234 262961.0
294 670 26 57 239 296 296 234 148422.67
294 670 236 57 239 288 296 234 83367.336
294 670 26 57 239 296 296 234 72189.336
294 670 236 57 239 288 296 234 61851.832
294 670 26 57 239 296 296 234 1828.5
933 939 249 73 231 291 16 255 -25091.834
294 670 26 57 239 296 296 234 -34472.332
294 670 26 57 239 296 296 234 -57612.832
294 670 26 57 239 296 296 234 -59282.832
199 670 236 232 241 288 263 234 -72319.5
Mejor: 294 670 236 57 239 288 296 234 752174.7

-------------------------------------------------
GENERACIÓN 16
294 670 236 57 239 288 296 234 752174.7
294 670 236 57 239 288 296 234 752174.7
294 670 26 57 239 296 296 234 547460.3
294 670 26 57 239 296 296 234 283824.34
294 670 26 57 239 296 296 234 277000.16
294 670 26 57 239 296 296 234 262961.0
294 670 26 57 239 296 296 234 148422.67
294 670 236 57 239 288 296 234 83367.336
294 670 26 57 239 296 296 234 72189.336
294 670 236 57 239 288 296 234 61851.832
294 670 26 57 239 296 296 234 1828.5
294 670 26 57 239 296 296 234 -792.8333
933 939 249 73 231 291 16 255 -25091.834
294 670 26 57 239 296 296 234 -34472.332
294 670 26 57 239 296 296 234 -57612.832
294 670 26 57 239 296 296 234 -59282.832
Mejor: 294 670 236 57 239 288 296 234 752174.7

-------------------------------------------------
GENERACIÓN 17
294 670 236 57 239 288 296 234 752174.7
294 670 236 57 239 288 296 234 752174.7
294 670 26 57 239 296 296 234 547460.3
294 670 26 57 239 296 296 234 283824.34
294 670 26 57 239 296 296 234 277000.16
294 670 26 57 239 296 296 234 262961.0
294 670 26 57 239 296 296 234 148422.67
294 670 236 57 239 288 296 234 83367.336
294 670 26 57 239 296 296 234 72189.336
294 670 236 57 239 288 296 234 61851.832
294 670 26 57 239 296 296 234 1828.5
294 670 26 57 239 296 296 234 -792.8333
933 939 249 73 231 291 16 255 -25091.834
294 670 26 57 239 296 296 234 -34472.332
294 670 26 57 239 296 296 234 -57612.832
294 670 26 57 239 296 296 234 -59282.832
Mejor: 294 670 236 57 239 288 296 234 752174.7

-------------------------------------------------
GENERACIÓN 18
294 670 236 57 239 288 296 234 752174.7
294 670 236 57 239 288 296 234 752174.7
294 670 26 57 239 296 296 234 547460.3
294 670 26 57 239 296 296 234 283824.34
294 670 26 57 239 296 296 234 277000.16
294 670 26 57 239 296 296 234 262961.0
294 670 26 57 239 296 296 234 148422.67
294 670 236 57 239 288 296 234 83367.336
294 670 26 57 239 296 296 234 72189.336
294 670 236 57 239 288 296 234 61851.832
294 670 26 57 239 296 296 234 1828.5
294 670 26 57 239 296 296 234 -792.8333
933 939 249 73 231 291 16 255 -25091.834
294 670 26 57 239 296 296 234 -34472.332
294 670 26 57 239 296 296 234 -57612.832
294 670 26 57 239 296 296 234 -59282.832
Mejor: 294 670 236 57 239 288 296 234 752174.7

-------------------------------------------------
GENERACIÓN 19
294 670 236 57 239 288 296 234 752174.7
294 670 236 57 239 288 296 234 752174.7
294 670 26 57 239 296 296 234 547460.3
294 670 26 57 239 296 296 234 283824.34
294 670 26 57 239 296 296 234 277000.16
294 670 26 57 239 296 296 234 262961.0
294 670 26 57 239 296 296 234 148422.67
294 670 236 57 239 288 296 234 83367.336
294 670 26 57 239 296 296 234 72189.336
294 670 236 57 239 288 296 234 61851.832
294 670 26 57 239 296 296 234 1828.5
294 670 26 57 239 296 296 234 -792.8333
294 670 236 57 239 296 296 234 -14969.667
933 939 249 73 231 291 16 255 -25091.834
294 670 26 57 239 296 296 234 -34472.332
294 670 26 57 239 296 296 234 -57612.832
Mejor: 294 670 236 57 239 288 296 234 752174.7

-------------------------------------------------
GENERACIÓN 20
294 670 236 57 239 288 296 234 752174.7
294 670 236 57 239 288 296 234 752174.7
294 670 26 57 239 296 296 234 547460.3
294 670 26 57 239 296 296 234 283824.34
294 670 26 57 239 296 296 234 277000.16
294 670 26 57 239 296 296 234 262961.0
294 670 26 57 239 296 296 234 148422.67
294 670 236 57 239 288 296 234 83367.336
294 670 26 57 239 296 296 234 72189.336
294 670 236 57 239 288 296 234 61851.832
294 670 26 57 239 296 296 234 1828.5
294 670 26 57 239 296 296 234 -792.8333
294 670 236 57 239 296 296 234 -14969.667
933 939 249 73 231 291 16 255 -25091.834
294 670 26 57 239 296 296 234 -34472.332
294 670 26 57 239 296 296 234 -57612.832
Mejor: 294 670 236 57 239 288 296 234 752174.7

-------------------------------------------------
