GENERACIÓN 0
581 704 213 134 273 32 248 134 0.03389508
450 866 229 263 30 46 124 29 0.009108493
617 656 37 80 248 19 224 108 0.0068309926
859 880 146 139 32 198 214 222 -4.1128634E-4
746 803 38 6 216 155 100 219 -0.0036184592
49 928 242 29 191 74 12 156 -0.004264246
440 573 27 264 169 206 225 299 -0.004386212
434 462 262 238 269 144 48 5 -0.005438149
356 357 5 128 83 215 90 33 -0.0061846096
421 478 289 185 74 69 99 143 -0.0065350556
871 955 13 255 276 183 53 65 -0.011527047
192 354 96 145 75 142 101 0 -0.019529453
782 910 224 239 87 167 62 272 -0.032254297
496 636 99 285 220 219 206 236 -0.032737896
434 520 85 67 29 71 232 160 -0.03362167
44 504 101 291 199 189 215 236 -0.061347395

-------------------------------------------------
GENERACIÓN 1
581 704 213 134 273 32 248 134 0.03389508
836 853 71 51 167 36 112 46 0.016836371
859 656 146 139 248 198 224 222 0.015435833
376 424 28 188 270 54 80 298 0.011204856
450 866 229 263 30 46 124 29 0.009108493
617 880 37 80 32 19 214 108 0.0041779294
296 578 39 52 281 136 20 124 4.4958293E-4
850 951 238 110 158 242 116 12 -3.4667412E-4
873 914 8 47 126 169 156 190 -9.3460805E-4
435 571 276 192 115 156 152 154 -0.0028099306
46 185 53 117 257 292 3 28 -0.002929025
746 803 38 6 216 155 100 219 -0.0036184592
49 928 242 29 191 74 12 156 -0.004264246
440 573 27 264 169 206 225 299 -0.004386212
434 462 262 238 269 144 48 5 -0.005438149
287 581 232 293 28 275 18 139 -0.008157475

-------------------------------------------------
GENERACIÓN 2
581 704 213 134 273 32 248 134 0.03389508
836 853 71 134 273 36 112 134 0.023868347
859 656 146 139 248 198 224 222 0.015435833
570 780 40 81 143 202 67 270 0.014524964
376 424 28 188 270 54 80 298 0.011204856
450 866 229 263 30 46 124 29 0.009108493
617 880 37 80 32 19 214 108 0.0041779294
296 578 39 52 281 136 20 124 4.4958293E-4
850 951 238 110 158 242 116 12 -3.4667412E-4
557 685 142 176 44 46 172 39 -0.0019206548
670 713 245 37 40 49 142 65 -0.0019889404
115 783 257 131 56 76 299 180 -0.003956871
90 157 3 54 41 27 298 286 -0.0066873147
377 419 46 262 207 240 146 83 -0.012789263
845 895 168 61 65 39 76 0 -0.035756424
756 900 220 124 238 144 161 119 -0.057083037

-------------------------------------------------
GENERACIÓN 3
581 704 213 134 273 32 248 134 0.03389508
89 273 39 12 8 199 291 25 0.024842115
836 853 71 134 273 36 112 134 0.023868347
859 656 146 139 248 198 224 222 0.015435833
570 780 40 81 143 202 67 270 0.014524964
376 424 28 188 270 54 80 298 0.011204856
828 850 109 244 214 189 20 230 0.0092847375
450 866 229 263 30 46 124 29 0.009108493
617 880 37 80 32 19 214 108 0.0041779294
555 807 107 286 82 6 113 266 6.386849E-4
296 578 39 52 281 136 20 124 4.4958293E-4
634 949 289 11 179 154 146 218 -0.0023742192
866 901 43 208 41 197 236 137 -0.0037758257
424 572 275 224 137 180 70 145 -0.0068719904
370 606 2 255 47 270 127 5 -0.026545813
895 915 121 79 242 276 208 219 -0.027113967

-------------------------------------------------
GENERACIÓN 4
581 704 213 134 273 32 248 134 0.03389508
89 273 39 12 8 199 291 25 0.024842115
836 853 71 134 273 36 112 134 0.023868347
859 656 146 139 248 198 224 222 0.015435833
570 780 40 81 143 202 67 270 0.014524964
376 424 28 188 270 54 80 298 0.011204856
828 850 109 244 214 189 20 230 0.0092847375
450 866 229 263 30 46 124 29 0.009108493
538 852 102 220 247 232 266 122 0.0032173228
441 681 75 10 214 139 17 17 -0.0034148407
486 905 14 259 190 261 24 209 -0.003685585
953 956 29 294 23 2 43 150 -0.040039446
191 423 107 13 179 211 271 41 -0.0465586
710 843 289 5 259 90 78 97 -0.05255648
177 945 148 2 132 65 24 232 -0.061694145
893 954 99 0 212 101 187 23 -0.101950206

-------------------------------------------------
GENERACIÓN 5
89 273 39 134 8 84 248 25 0.029471094
89 273 39 12 8 199 291 25 0.024842115
859 853 71 134 248 36 25 134 0.017247142
859 656 146 139 248 198 224 222 0.015435833
570 780 40 81 143 202 67 270 0.014524964
376 424 28 188 270 54 80 298 0.011204856
828 850 109 263 214 46 20 230 0.010614037
828 850 109 244 214 189 20 230 0.0092847375
508 528 145 181 73 154 217 276 0.0057058944
71 319 163 198 91 16 66 65 0.0021426857
91 152 153 84 64 173 40 97 -5.0811254E-4
174 684 22 236 233 266 287 173 -0.0029884714
357 712 271 151 285 224 261 228 -0.0074078045
406 420 122 199 133 168 26 232 -0.007620594
119 211 298 19 207 152 33 272 -0.01609141
533 920 155 118 283 208 256 192 -0.024224738

-------------------------------------------------
GENERACIÓN 6
828 850 109 263 214 46 38 230 0.036895715
89 273 39 134 8 84 248 25 0.029471094
89 273 39 12 8 199 291 25 0.024842115
859 853 71 134 248 36 25 134 0.017247142
859 656 146 139 248 198 224 222 0.015435833
570 780 40 81 143 202 67 270 0.014524964
155 180 219 103 65 87 258 198 0.012893319
551 578 54 261 115 71 129 104 0.011804978
376 424 28 188 270 54 80 298 0.011204856
828 850 109 244 214 189 20 230 0.0092847375
139 622 158 238 47 110 201 168 0.0053342595
724 795 279 182 98 47 295 251 -0.008258917
927 956 295 87 262 156 121 168 -0.009394324
218 548 143 242 34 150 269 89 -0.010293246
62 656 29 56 267 94 212 230 -0.015156093
956 959 9 139 118 262 157 13 -0.12607127

-------------------------------------------------
GENERACIÓN 7
828 850 109 263 214 46 38 230 0.036895715
437 940 175 14 268 238 202 217 0.035274614
89 273 39 134 8 84 248 25 0.029471094
155 180 258 103 65 87 129 198 0.026913928
89 273 39 12 8 199 291 25 0.024842115
403 633 243 235 77 206 144 279 0.024002269
538 859 190 72 100 199 298 136 0.023573197
859 780 40 214 248 198 224 270 0.020850167
859 853 71 134 248 36 25 134 0.017247142
570 780 40 81 143 202 67 270 0.014524964
551 578 54 261 115 71 129 104 0.011804978
697 780 33 244 149 171 187 228 0.006379142
826 834 87 87 247 9 243 149 0.004183141
281 936 82 64 193 65 267 128 0.0020950616
861 946 204 111 215 134 158 272 3.9483738E-4
732 784 12 213 96 177 97 1 -0.044352483

-------------------------------------------------
GENERACIÓN 8
828 850 109 263 214 46 38 230 0.036895715
437 940 175 14 268 238 202 217 0.035274614
89 273 39 134 8 84 248 25 0.029471094
155 180 258 103 65 87 129 198 0.026913928
89 273 39 12 8 199 291 25 0.024842115
403 633 243 235 77 206 144 279 0.024002269
538 859 190 72 100 199 298 136 0.023573197
859 780 40 214 248 198 224 270 0.020850167
204 388 134 88 25 62 159 124 0.0064709433
955 955 109 56 39 143 190 180 0.006341683
174 525 140 64 103 136 249 96 -1.6305681E-4
157 164 56 266 169 236 54 250 -0.0064627957
361 382 16 227 290 120 1 176 -0.008953649
674 948 34 165 78 27 204 263 -0.012921852
6 653 138 257 192 268 268 231 -0.017214635
545 773 198 139 83 101 62 36 -0.018227344

-------------------------------------------------
GENERACIÓN 9
828 850 109 263 214 46 38 230 0.036895715
437 940 175 14 268 238 202 217 0.035274614
89 273 39 134 8 84 248 25 0.029471094
155 180 258 103 65 87 129 198 0.026913928
89 273 39 12 8 199 291 25 0.024842115
403 633 243 235 77 206 144 279 0.024002269
538 859 190 72 100 199 298 136 0.023573197
859 780 40 214 248 198 224 270 0.020850167
581 646 43 103 289 278 223 116 0.0047148024
149 561 273 266 254 192 132 184 -0.0016681234
427 944 187 116 219 298 95 80 -0.010566936
43 391 2 282 244 298 194 111 -0.015022773
776 867 25 296 33 106 254 240 -0.037874497
329 440 191 185 181 298 255 280 -0.04938358
175 956 145 115 274 60 260 8 -0.058227558
376 901 191 248 196 71 192 32 -0.05975726

-------------------------------------------------
GENERACIÓN 10
828 850 109 263 214 46 38 230 0.036895715
437 940 175 14 268 238 202 217 0.035274614
89 273 39 134 8 84 248 25 0.029471094
155 180 258 103 65 87 129 198 0.026913928
89 273 39 12 8 199 291 25 0.024842115
403 633 243 235 77 206 144 279 0.024002269
538 859 190 72 100 199 298 136 0.023573197
859 780 40 214 248 198 224 270 0.020850167
464 709 171 9 177 230 191 267 0.010489456
837 865 186 43 159 299 45 94 0.0071645477
818 822 103 119 163 169 99 56 0.0018786062
572 838 178 99 90 44 150 47 -0.0025253743
767 828 253 59 93 156 219 5 -0.006830095
530 912 140 107 140 222 279 193 -0.03118875
456 515 73 264 290 298 241 142 -0.050900858
436 737 262 189 205 55 281 167 -0.06569987

-------------------------------------------------
GENERACIÓN 11
828 850 109 263 214 46 38 230 0.036895715
437 940 175 14 268 238 202 217 0.035274614
89 273 39 134 8 84 248 25 0.029471094
155 180 258 103 65 87 129 198 0.026913928
89 273 39 12 8 199 291 25 0.024842115
403 633 243 235 77 206 144 279 0.024002269
538 859 190 72 100 199 298 136 0.023573197
859 780 40 214 248 198 224 270 0.020850167
417 596 6 253 246 37 34 130 0.016861131
403 820 172 99 109 167 136 229 0.004413471
241 677 296 128 96 244 40 160 -3.6711825E-4
931 942 205 298 25 268 31 165 -9.130141E-4
745 765 71 219 208 96 298 283 -0.0013032221
71 426 169 129 55 285 42 172 -0.0047982
131 718 252 166 269 110 22 240 -0.008464852
395 738 79 71 298 74 160 108 -0.039139554

-------------------------------------------------
GENERACIÓN 12
828 850 109 263 214 46 38 230 0.036895715
437 940 175 14 268 238 202 217 0.035274614
89 273 39 134 8 84 248 25 0.029471094
155 180 258 103 65 87 129 198 0.026913928
89 273 39 12 8 199 291 25 0.024842115
403 633 243 235 77 206 144 279 0.024002269
538 859 190 72 100 199 298 136 0.023573197
859 780 40 214 248 198 224 270 0.020850167
395 736 151 46 196 91 9 82 0.0035450403
767 802 96 21 59 60 132 63 8.220912E-4
929 929 45 107 253 203 49 220 -0.003497916
451 927 59 56 121 55 274 121 -0.006833428
189 388 134 180 155 39 137 201 -0.024886131
881 896 177 106 108 227 63 107 -0.025191389
452 702 5 84 215 246 98 206 -0.031968873
752 944 10 278 198 40 262 133 -0.047962803

-------------------------------------------------
GENERACIÓN 13
89 273 39 235 77 199 144 279 0.047128055
828 850 109 263 214 46 38 230 0.036895715
437 940 175 14 268 238 202 217 0.035274614
89 273 39 134 8 84 248 25 0.029471094
155 180 258 103 65 87 129 198 0.026913928
89 273 39 12 8 199 291 25 0.024842115
538 859 190 72 100 199 298 136 0.023573197
859 780 40 214 248 198 224 270 0.020850167
752 796 53 217 278 74 244 8 0.003832915
271 502 1 167 138 207 270 33 -0.0026632901
660 737 224 114 118 149 182 222 -0.0044171857
783 899 49 125 241 8 224 271 -0.005624981
530 549 154 168 26 57 161 258 -0.012196501
314 522 198 192 189 223 105 214 -0.027454115
443 555 233 271 294 60 282 146 -0.0325528
68 313 208 190 261 51 127 110 -0.057910204

-------------------------------------------------
GENERACIÓN 14
89 273 39 235 77 199 144 279 0.047128055
828 850 109 263 214 46 38 230 0.036895715
437 940 175 14 268 238 202 217 0.035274614
89 273 39 134 8 84 248 25 0.029471094
155 180 258 103 65 87 129 198 0.026913928
89 273 39 12 8 199 291 25 0.024842115
538 859 190 72 100 199 298 136 0.023573197
859 780 40 214 248 198 224 270 0.020850167
240 536 92 272 254 130 212 23 0.011190684
904 923 283 89 260 140 163 136 0.006308684
61 223 246 176 40 239 206 122 -0.008262456
216 924 164 62 8 5 292 213 -0.008977736
390 536 212 159 40 19 81 123 -0.009854048
707 811 128 34 51 144 224 2 -0.012530805
460 545 193 153 32 233 266 9 -0.018091016
275 719 244 240 293 131 49 122 -0.019342495

-------------------------------------------------
GENERACIÓN 15
89 273 39 235 77 199 144 279 0.047128055
828 850 109 263 214 46 38 230 0.036895715
437 940 175 14 268 238 202 217 0.035274614
881 932 279 299 54 252 68 3 0.0339434
89 273 39 134 8 84 248 25 0.029471094
155 180 258 103 65 87 129 198 0.026913928
89 273 39 12 8 199 291 25 0.024842115
538 859 190 72 100 199 298 136 0.023573197
569 611 71 75 80 197 60 260 0.02092825
859 780 40 214 248 198 224 270 0.020850167
946 948 277 184 292 140 220 95 0.0050016968
363 364 214 36 103 76 257 234 -7.300054E-4
816 878 86 137 18 116 90 182 -0.006129671
639 830 234 286 165 181 264 109 -0.009302105
492 897 189 194 139 10 299 14 -0.01690168
175 380 203 269 114 111 174 93 -0.05563205

-------------------------------------------------
GENERACIÓN 16
904 940 272 239 220 90 265 191 0.05008316
89 273 39 235 77 199 144 279 0.047128055
828 850 109 263 214 46 38 230 0.036895715
437 940 175 14 268 238 202 217 0.035274614
881 932 279 299 54 252 68 3 0.0339434
89 273 39 134 8 84 248 25 0.029471094
155 180 258 103 65 87 129 198 0.026913928
89 273 39 12 8 199 291 25 0.024842115
538 859 190 72 100 199 298 136 0.023573197
231 372 59 105 6 223 259 56 -0.001093211
461 623 290 262 46 230 180 117 -0.0022779058
945 951 172 141 91 256 221 70 -0.017045135
50 897 80 63 160 75 175 254 -0.01735494
183 337 143 240 290 297 276 175 -0.017608926
839 906 57 36 108 190 245 2 -0.023499811
208 601 69 211 178 189 157 194 -0.08628523

-------------------------------------------------
GENERACIÓN 17
89 932 39 299 8 84 77 3 0.056852642
904 940 272 239 220 90 265 191 0.05008316
89 273 39 235 77 199 144 279 0.047128055
828 850 109 263 214 46 38 230 0.036895715
437 940 175 14 268 238 202 217 0.035274614
881 932 279 299 54 252 68 3 0.0339434
155 180 258 103 65 87 129 198 0.026913928
89 273 39 12 8 199 291 25 0.024842115
789 804 21 285 279 186 206 218 0.019192278
350 427 185 93 216 26 269 233 0.0061260327
488 802 243 107 224 40 183 135 0.0012253196
94 841 67 17 234 238 197 101 -0.0018257856
726 941 185 295 119 142 152 239 -0.0067634643
809 914 185 299 179 227 116 206 -0.013877429
182 304 249 269 124 29 253 109 -0.117711954
297 461 197 10 278 200 54 101 -0.14807321

-------------------------------------------------
GENERACIÓN 18
89 932 39 299 8 84 77 3 0.056852642
904 940 272 239 220 90 265 191 0.05008316
89 273 39 235 77 199 144 279 0.047128055
828 850 109 263 214 46 38 230 0.036895715
437 940 175 14 268 238 202 217 0.035274614
881 932 279 299 54 252 68 3 0.0339434
155 180 258 103 65 87 129 198 0.026913928
89 273 39 12 8 199 291 25 0.024842115
180 588 126 74 57 76 56 16 0.0122357495
292 434 201 118 171 8 7 105 0.0045055156
575 757 299 237 116 253 145 154 0.0015623408
913 952 296 144 160 30 48 211 -0.004521809
275 392 212 51 228 32 255 117 -0.009054772
129 405 167 182 280 43 41 189 -0.009463626
791 859 118 209 0 3 206 19 -0.013650066
692 898 250 29 107 152 274 44 -0.020824088

-------------------------------------------------
GENERACIÓN 19
89 932 39 299 8 84 77 3 0.056852642
904 940 272 239 220 90 265 191 0.05008316
89 273 39 235 77 199 144 279 0.047128055
437 860 279 299 268 252 68 3 0.041823626
828 850 109 263 214 46 38 230 0.036895715
437 940 175 14 268 238 202 217 0.035274614
155 180 258 103 65 87 129 198 0.026913928
89 273 39 12 8 199 291 25 0.024842115
404 936 186 224 133 79 213 190 0.021196594
327 796 223 248 255 224 25 178 0.015554282
142 942 156 217 66 257 205 153 0.0051627466
634 767 231 238 196 73 290 35 -0.0047848024
459 714 112 135 134 119 58 126 -0.009626559
553 672 234 275 280 61 227 285 -0.017020406
593 624 164 174 198 58 58 69 -0.01909233
732 919 122 152 199 285 131 224 -0.053852838

-------------------------------------------------
GENERACIÓN 20
89 932 39 299 8 84 77 3 0.056852642
437 850 109 14 268 36 38 230 0.05145125
904 940 272 239 220 90 265 191 0.05008316
89 273 39 235 77 199 144 279 0.047128055
437 860 279 299 268 252 68 3 0.041823626
828 850 109 263 214 46 38 230 0.036895715
155 180 258 103 65 87 129 198 0.026913928
89 273 39 12 8 199 291 25 0.024842115
66 504 160 67 121 248 65 199 0.024758222
113 620 232 186 272 79 197 43 0.016573658
736 834 237 62 183 228 218 120 0.015338048
525 770 153 263 38 149 238 242 0.009643299
683 885 182 87 151 95 63 97 0.003629443
699 800 167 260 105 164 176 182 -0.0022612233
802 902 25 255 45 281 208 141 -0.0025642533
936 945 43 225 60 218 183 59 -0.023684338

-------------------------------------------------
GENERACIÓN 21
89 932 39 299 8 84 77 3 0.056852642
437 850 109 14 268 36 38 230 0.05145125
904 940 272 239 220 90 265 191 0.05008316
89 273 39 235 77 199 144 279 0.047128055
437 860 279 299 268 252 68 3 0.041823626
331 426 253 232 226 258 205 294 0.036950786
828 850 109 263 214 46 38 230 0.036895715
516 714 273 34 184 22 209 192 0.032524925
155 180 258 103 65 87 129 198 0.026913928
834 858 57 134 3 155 182 223 0.02527927
89 273 39 12 8 199 291 25 0.024842115
256 431 96 231 151 119 0 51 0.01602771
125 249 180 122 253 94 92 13 0.0049915616
442 623 162 297 234 253 274 249 0.0046316735
659 858 194 204 189 110 196 50 -0.01834512
175 903 67 0 141 146 143 264 -0.055935364

-------------------------------------------------
GENERACIÓN 22
89 932 39 299 8 84 77 3 0.056852642
437 850 109 14 268 36 38 230 0.05145125
904 940 272 239 220 90 265 191 0.05008316
89 273 39 235 77 199 144 279 0.047128055
437 860 279 299 268 252 68 3 0.041823626
331 426 253 232 226 258 205 294 0.036950786
828 850 109 263 214 46 38 230 0.036895715
516 714 273 34 184 22 209 192 0.032524925
578 953 253 145 167 13 223 38 0.014505428
518 597 276 194 188 297 252 21 0.012137187
334 836 158 122 165 174 295 59 -0.0060081077
68 214 26 52 140 291 105 172 -0.006082874
855 862 254 154 118 6 271 0 -0.009767561
84 632 49 245 91 16 138 251 -0.016145444
959 959 165 187 101 257 193 173 -0.020735554
764 870 209 180 211 288 139 86 -0.050513234

-------------------------------------------------
GENERACIÓN 23
89 932 39 299 8 84 77 3 0.056852642
437 850 109 14 268 36 38 230 0.05145125
904 940 272 239 220 90 265 191 0.05008316
89 273 39 235 77 199 144 279 0.047128055
437 860 279 299 268 252 68 3 0.041823626
331 426 253 232 226 258 205 294 0.036950786
828 850 109 263 214 46 38 230 0.036895715
516 714 273 34 184 22 209 192 0.032524925
833 834 192 48 189 190 102 19 0.0060166772
495 880 172 134 246 122 179 225 -0.0067975894
348 511 46 106 105 288 279 141 -0.00859744
906 954 106 51 215 8 258 96 -0.010056817
930 956 21 73 81 75 237 43 -0.013107617
844 892 114 193 184 71 124 67 -0.016325993
116 682 16 96 116 240 157 51 -0.024588356
68 803 11 84 114 94 46 284 -0.051363885

-------------------------------------------------
GENERACIÓN 24
213 850 109 34 184 46 209 230 0.06223893
89 932 39 299 8 84 77 3 0.056852642
437 850 109 14 268 36 38 230 0.05145125
904 940 272 239 220 90 265 191 0.05008316
89 273 39 235 77 199 144 279 0.047128055
437 860 279 299 268 252 68 3 0.041823626
869 887 45 55 5 116 60 189 0.03955388
331 426 253 232 226 258 205 294 0.036950786
828 850 109 263 214 46 38 230 0.036895715
472 558 293 2 195 181 235 56 0.033810534
356 654 88 13 3 269 73 44 -0.0012001373
920 922 295 65 99 191 140 190 -0.0013966343
675 715 178 23 92 161 157 209 -0.0034904142
458 951 261 44 28 291 8 235 -0.013180461
878 902 103 205 43 49 277 59 -0.022738904
735 768 96 24 125 35 72 116 -0.05381392

-------------------------------------------------
GENERACIÓN 25
213 850 109 34 184 46 209 230 0.06223893
89 932 39 299 8 84 77 3 0.056852642
437 850 109 14 268 36 38 230 0.05145125
904 940 272 239 220 90 265 191 0.05008316
89 273 39 235 77 199 144 279 0.047128055
407 776 180 45 222 265 119 83 0.045351405
437 860 279 299 268 252 68 3 0.041823626
869 887 45 55 5 116 60 189 0.03955388
331 426 253 232 226 258 205 294 0.036950786
309 542 282 84 162 7 18 249 0.006290747
112 138 298 39 160 70 15 233 -0.0075274273
494 549 119 46 80 179 144 117 -0.01598778
538 576 25 207 50 30 60 156 -0.0161365
787 942 195 185 7 296 298 31 -0.017367577
11 582 265 9 175 67 143 122 -0.026199413
184 218 283 199 291 253 102 52 -0.036734987

-------------------------------------------------
GENERACIÓN 26
213 850 109 34 184 46 209 230 0.06223893
89 932 39 299 8 84 77 3 0.056852642
437 850 109 14 268 36 38 230 0.05145125
904 940 272 239 220 90 265 191 0.05008316
89 273 39 235 77 199 144 279 0.047128055
407 776 180 45 222 265 119 83 0.045351405
437 860 279 299 268 252 68 3 0.041823626
869 887 45 55 5 116 60 189 0.03955388
791 805 45 14 193 240 32 120 0.0010705286
738 761 137 16 202 159 195 226 9.0027397E-4
38 804 218 73 150 143 21 9 -0.003527386
139 167 37 115 294 141 192 133 -0.009932208
255 690 85 157 248 49 53 269 -0.011881395
946 956 149 159 215 24 210 70 -0.029352486
598 618 107 69 232 101 76 159 -0.02950553
258 944 267 65 200 153 82 77 -0.03879482

-------------------------------------------------
GENERACIÓN 27
213 850 109 34 184 46 209 230 0.06223893
89 932 39 299 8 84 77 3 0.056852642
437 850 109 14 268 36 38 230 0.05145125
904 940 272 239 220 90 265 191 0.05008316
89 273 39 235 77 199 144 279 0.047128055
407 776 180 45 222 265 119 83 0.045351405
437 860 279 299 268 252 68 3 0.041823626
869 887 45 55 5 116 60 189 0.03955388
700 906 88 254 178 120 202 259 0.025754131
12 891 123 193 178 272 283 86 0.0032507454
377 499 59 264 223 194 187 18 0.002086103
323 581 119 24 124 204 196 161 0.0019821362
328 631 129 182 222 298 160 287 -3.579678E-5
876 880 263 200 175 71 289 210 -0.008684459
565 808 291 151 250 99 2 257 -0.011903886
517 865 25 160 263 57 263 290 -0.09804108

-------------------------------------------------
GENERACIÓN 28
213 850 109 34 184 46 209 230 0.06223893
89 932 39 299 8 84 77 3 0.056852642
437 850 109 14 268 36 38 230 0.05145125
904 940 272 239 220 90 265 191 0.05008316
89 273 39 235 77 199 144 279 0.047128055
407 776 180 45 222 265 119 83 0.045351405
437 860 279 299 268 252 68 3 0.041823626
869 887 45 55 5 116 60 189 0.03955388
180 328 59 53 162 57 63 282 0.03510131
451 950 50 30 152 220 17 156 0.031464282
391 730 88 73 82 242 130 56 -0.003217681
624 770 221 117 240 6 194 213 -0.008764015
429 737 294 239 281 54 47 86 -0.018367572
59 886 131 273 155 147 150 219 -0.039980162
177 489 290 23 83 208 273 76 -0.052898645
821 941 178 224 53 148 67 48 -0.05617331

-------------------------------------------------
GENERACIÓN 29
213 850 109 34 184 46 209 230 0.06223893
89 932 39 299 8 84 77 3 0.056852642
437 850 109 14 268 36 38 230 0.05145125
904 940 272 239 220 90 265 191 0.05008316
89 273 39 235 77 199 144 279 0.047128055
407 776 180 45 222 265 119 83 0.045351405
437 860 279 299 268 252 68 3 0.041823626
869 887 45 55 5 116 60 189 0.03955388
250 610 98 106 239 41 283 33 0.0063773803
890 916 201 210 130 148 136 110 0.0020493965
158 197 201 2 99 30 142 292 -0.0039195404
126 347 269 220 158 17 45 19 -0.009360885
587 672 181 226 78 13 298 186 -0.012666187
562 721 202 263 296 218 6 232 -0.03170427
868 939 59 69 115 152 285 97 -0.07863469
195 317 182 167 211 142 143 33 -0.1623351

-------------------------------------------------
GENERACIÓN 30
699 733 149 198 103 12 264 237 0.08415738
213 850 109 34 184 46 209 230 0.06223893
89 932 39 299 8 84 77 3 0.056852642
437 850 109 14 268 36 38 230 0.05145125
904 940 272 239 220 90 265 191 0.05008316
89 273 39 235 77 199 144 279 0.047128055
407 776 180 45 222 265 119 83 0.045351405
437 860 279 299 268 252 68 3 0.041823626
869 887 45 55 5 116 60 189 0.03955388
894 920 48 170 247 5 99 111 0.0020576527
681 885 35 139 253 112 181 182 -0.0025360058
875 939 104 41 231 133 61 162 -0.006456698
412 915 162 253 138 222 135 128 -0.013480671
795 951 197 243 207 105 41 11 -0.014987469
663 829 79 100 223 241 44 193 -0.01660293
205 893 153 168 112 255 152 266 -0.09181768

-------------------------------------------------
