GENERACIÓN 1
582 782 150 262 73 35 108 130 0.30866668
582 782 150 262 73 35 108 130 0.30866668
582 490 150 222 73 270 253 237 0.27533332
549 665 96 198 150 84 151 229 0.24933334
59 739 255 129 214 124 295 237 0.24333334
663 892 284 114 276 244 172 95 0.23533334
59 782 255 262 215 38 108 130 0.21533333
582 782 150 28 165 35 108 130 0.20200002
326 739 56 129 107 124 295 18 0.16333333
131 330 203 28 165 253 133 280 0.13533334
131 330 203 28 165 253 133 280 0.13533334

-------------------------------------------------
GENERACIÓN 2
549 665 96 198 150 35 108 130 0.35133335
582 782 49 28 165 84 151 229 0.31066668
582 782 150 262 73 35 108 130 0.30866668
582 782 150 262 73 35 108 130 0.30866668
582 782 150 262 73 35 108 130 0.30866668
582 782 150 262 73 35 108 130 0.30866668
549 665 96 198 150 84 151 229 0.24933334
549 665 96 198 150 84 151 229 0.24933334
59 739 255 129 214 124 295 237 0.24333334
59 739 56 129 215 38 108 18 0.22933336
59 782 255 262 215 38 108 130 0.21533333

-------------------------------------------------
GENERACIÓN 3
549 665 96 198 150 35 108 130 0.35133335
549 665 96 198 150 35 108 130 0.35133335
549 665 96 198 150 35 108 130 0.35133335
549 665 96 198 150 35 108 130 0.35133335
582 782 49 28 165 84 151 229 0.31066668
582 782 49 28 165 84 151 229 0.31066668
582 782 150 262 73 35 108 130 0.30866668
582 782 150 262 73 35 108 130 0.30866668
582 782 150 262 73 35 108 130 0.30866668
582 782 150 262 73 35 108 130 0.30866668
549 665 96 198 150 84 151 229 0.24933334

-------------------------------------------------
GENERACIÓN 4
549 665 96 198 150 35 108 130 0.35133335
549 665 96 198 150 35 108 130 0.35133335
549 665 96 198 150 35 108 130 0.35133335
549 665 96 198 150 35 108 130 0.35133335
549 665 96 198 150 35 108 130 0.35133335
549 665 96 198 150 35 108 130 0.35133335
549 665 96 198 150 35 108 130 0.35133335
549 665 96 198 150 35 108 130 0.35133335
549 665 96 198 150 35 108 130 0.35133335
549 665 96 198 150 35 108 130 0.35133335
582 782 49 28 165 84 151 229 0.31066668

-------------------------------------------------
GENERACIÓN 5
549 665 96 198 150 35 108 130 0.35133335
549 665 96 198 150 35 108 130 0.35133335
549 665 96 198 150 35 108 130 0.35133335
549 665 96 198 150 35 108 130 0.35133335
549 665 96 198 150 35 108 130 0.35133335
549 665 96 198 150 35 108 130 0.35133335
549 665 96 198 150 35 108 130 0.35133335
549 665 96 198 150 35 108 130 0.35133335
549 665 96 198 150 35 108 130 0.35133335
549 665 96 198 150 35 108 130 0.35133335
549 665 96 198 150 35 108 130 0.35133335

-------------------------------------------------
GENERACIÓN 6
549 665 96 198 150 35 108 130 0.4086667
549 665 96 198 150 35 108 130 0.35133335
549 665 96 198 150 35 108 130 0.35133335
549 665 96 198 150 35 108 130 0.35133335
549 665 96 198 150 35 108 130 0.35133335
549 665 96 198 150 35 108 130 0.35133335
549 665 96 198 150 35 108 130 0.35133335
549 665 96 198 150 35 108 130 0.35133335
549 665 96 198 150 35 108 130 0.35133335
549 665 96 198 150 35 108 130 0.35133335
549 665 96 198 150 35 108 130 0.35133335

-------------------------------------------------
GENERACIÓN 7
549 665 96 198 150 35 108 130 0.4086667
549 665 96 198 150 35 108 130 0.4086667
549 665 96 198 150 35 108 130 0.4086667
549 665 96 198 150 35 108 130 0.35133335
549 665 96 198 150 35 108 130 0.35133335
549 665 96 198 150 35 108 130 0.35133335
549 665 96 198 150 35 108 130 0.35133335
549 665 96 198 150 35 108 130 0.35133335
549 665 96 198 150 35 108 130 0.35133335
549 665 96 198 150 35 108 130 0.35133335
549 665 96 198 150 35 108 130 0.35133335

-------------------------------------------------
GENERACIÓN 8
549 665 96 198 150 35 108 130 0.4086667
549 665 96 198 150 35 108 130 0.4086667
549 665 5 198 150 35 108 130 0.3846667
549 665 96 198 150 35 108 130 0.35133335
549 665 96 198 150 35 108 130 0.35133335
549 665 96 198 150 35 108 130 0.35133335
549 665 96 198 150 35 108 130 0.35133335
549 665 96 198 150 35 108 130 0.35133335
549 665 96 198 150 35 108 130 0.35133335
549 665 96 198 150 35 108 130 0.35133335
549 665 96 198 150 35 108 130 0.35133335

-------------------------------------------------
GENERACIÓN 9
549 665 96 198 150 35 108 130 0.4086667
549 665 96 198 150 35 108 130 0.4086667
549 665 96 198 150 35 108 130 0.4086667
549 665 96 198 150 35 108 130 0.4086667
549 665 5 198 150 35 108 130 0.3846667
549 665 96 198 150 35 108 130 0.35133335
549 665 96 198 150 35 108 130 0.35133335
549 665 96 198 150 35 108 130 0.35133335
549 665 96 198 150 35 108 130 0.35133335
549 665 96 198 150 35 108 130 0.35133335
549 665 96 198 150 35 108 130 0.35133335

-------------------------------------------------
GENERACIÓN 10
549 665 96 198 150 35 108 130 0.4086667
549 665 96 198 150 35 108 130 0.4086667
549 665 96 198 150 35 108 130 0.4086667
549 665 96 198 150 35 108 130 0.4086667
549 265 96 198 150 35 108 130 0.38933337
549 665 5 198 150 35 108 130 0.3846667
549 665 5 198 150 35 108 130 0.3846667
549 665 5 198 150 35 108 130 0.3846667
549 665 96 198 150 35 108 130 0.35133335
549 665 96 198 150 35 108 130 0.35133335
549 665 96 198 150 35 108 130 0.35133335

-------------------------------------------------
GENERACIÓN 11
549 665 96 198 150 35 108 130 0.4613333
549 665 96 198 150 35 108 130 0.4086667
549 665 96 198 150 35 108 130 0.4086667
549 665 96 198 150 35 108 130 0.4086667
549 665 96 198 150 35 108 130 0.4086667
549 665 96 198 150 35 108 130 0.4086667
549 665 96 198 150 35 108 130 0.4086667
549 665 96 198 150 35 108 130 0.4086667
549 665 96 198 150 35 108 130 0.4086667
549 665 96 198 150 35 108 130 0.4086667
549 665 96 198 150 35 108 130 0.4086667

-------------------------------------------------
GENERACIÓN 12
549 665 96 198 150 35 108 130 0.4613333
549 665 96 198 150 35 108 130 0.4613333
549 665 96 198 150 35 108 130 0.4613333
549 665 96 198 150 35 108 130 0.4613333
549 665 96 198 150 35 108 130 0.4086667
549 665 96 198 150 35 108 130 0.4086667
549 665 96 198 150 35 108 130 0.4086667
549 665 96 198 150 35 108 130 0.4086667
549 665 96 198 150 35 108 130 0.4086667
549 665 96 198 150 35 108 130 0.4086667
549 665 96 198 150 35 108 130 0.4086667

-------------------------------------------------
GENERACIÓN 13
549 665 96 198 150 35 108 130 0.4613333
549 665 96 198 150 35 108 130 0.4613333
549 665 96 198 150 35 108 130 0.4613333
549 665 96 198 150 35 108 130 0.4613333
549 665 96 198 150 35 108 130 0.4613333
549 665 96 198 150 35 108 130 0.4613333
549 665 96 198 150 35 108 130 0.4613333
549 665 96 198 150 35 108 130 0.4613333
549 665 96 198 150 35 108 130 0.4613333
549 665 96 198 150 35 108 130 0.4086667
549 665 96 198 150 35 108 130 0.4086667

-------------------------------------------------
GENERACIÓN 14
549 665 96 198 150 35 108 130 0.4613333
549 665 96 198 150 35 108 130 0.4613333
549 665 96 198 150 35 108 130 0.4613333
549 665 96 198 150 35 108 130 0.4613333
549 665 96 198 150 35 108 130 0.4613333
549 665 96 198 150 35 108 130 0.4613333
549 665 96 198 150 35 108 130 0.4613333
549 665 96 198 150 35 108 130 0.4613333
549 665 96 198 150 35 108 130 0.4613333
549 665 96 198 150 35 108 130 0.4613333
549 665 96 198 150 35 108 130 0.4613333

-------------------------------------------------
GENERACIÓN 15
549 665 96 198 150 35 108 130 0.4613333
549 665 96 198 150 35 108 130 0.4613333
549 665 96 198 150 35 108 130 0.4613333
549 665 96 198 150 35 108 130 0.4613333
549 665 96 198 150 35 108 130 0.4613333
549 665 96 198 150 35 108 130 0.4613333
549 665 96 198 150 35 108 130 0.4613333
549 665 96 198 150 35 108 130 0.4613333
549 665 96 198 150 35 108 130 0.4613333
549 665 96 198 150 35 108 130 0.4613333
549 665 96 198 150 35 108 130 0.4613333

-------------------------------------------------
GENERACIÓN 16
549 665 96 198 150 35 108 130 0.4613333
549 665 96 198 150 35 108 130 0.4613333
549 665 96 198 150 35 108 130 0.4613333
549 665 96 198 150 35 108 130 0.4613333
549 665 96 198 150 35 108 130 0.4613333
549 665 96 198 150 35 108 130 0.4613333
549 665 96 198 150 35 108 130 0.4613333
549 665 96 198 150 35 108 130 0.4613333
549 665 96 198 150 35 108 130 0.4613333
549 665 96 198 150 35 108 130 0.4613333
549 665 96 198 150 35 108 130 0.4613333

-------------------------------------------------
GENERACIÓN 17
549 665 96 198 150 35 108 130 0.4613333
549 665 96 198 150 35 108 130 0.4613333
549 665 96 198 150 35 108 130 0.4613333
549 665 96 198 150 35 108 130 0.4613333
549 665 96 198 150 35 108 130 0.4613333
549 665 96 198 150 35 108 130 0.4613333
549 665 96 198 150 35 108 130 0.4613333
549 665 96 198 150 35 108 130 0.4613333
549 665 96 198 150 35 108 130 0.4613333
549 665 96 198 150 35 108 130 0.4613333
549 665 96 198 150 35 108 130 0.4613333

-------------------------------------------------
GENERACIÓN 18
549 665 96 198 150 35 108 130 0.4613333
549 665 96 198 150 35 108 130 0.4613333
549 665 96 198 150 35 108 130 0.4613333
549 665 96 198 150 35 108 130 0.4613333
549 665 96 198 150 35 108 130 0.4613333
549 665 96 198 150 35 108 130 0.4613333
549 665 96 198 150 35 108 130 0.4613333
549 665 96 198 150 35 108 130 0.4613333
549 665 96 198 150 35 108 130 0.4613333
549 665 96 198 150 35 108 130 0.4613333
549 665 96 198 150 35 108 130 0.4613333

-------------------------------------------------
GENERACIÓN 19
549 665 96 198 150 35 108 130 0.4613333
549 665 96 198 150 35 108 130 0.4613333
549 665 96 198 150 35 108 130 0.4613333
549 665 96 198 150 35 108 130 0.4613333
549 665 96 198 150 35 108 130 0.4613333
549 665 96 198 150 35 108 130 0.4613333
549 665 96 198 150 35 108 130 0.4613333
549 665 96 198 150 35 108 130 0.4613333
549 665 96 198 150 35 108 130 0.4613333
549 665 96 198 150 35 108 130 0.4613333
549 665 96 198 150 35 108 130 0.4613333

-------------------------------------------------
GENERACIÓN 20
549 665 96 198 150 35 108 130 0.4613333
549 665 96 198 150 35 108 130 0.4613333
549 665 96 198 150 35 108 130 0.4613333
549 665 96 198 150 35 108 130 0.4613333
549 665 96 198 150 35 108 130 0.4613333
549 665 96 198 150 35 108 130 0.4613333
549 665 96 198 150 35 108 130 0.4613333
549 665 96 198 150 35 108 130 0.4613333
549 665 96 198 150 35 108 130 0.4613333
549 665 96 198 150 35 108 130 0.4613333
549 665 96 198 150 35 108 130 0.4613333

-------------------------------------------------
GENERACIÓN 21
549 665 96 198 150 35 108 130 0.4613333
549 665 96 198 150 35 108 130 0.4613333
549 665 96 198 150 35 108 130 0.4613333
549 665 96 198 150 35 108 130 0.4613333
549 665 96 198 150 35 108 130 0.4613333
549 665 96 198 150 35 108 130 0.4613333
549 665 96 198 150 35 108 130 0.4613333
549 665 96 198 150 35 108 130 0.4613333
549 665 96 198 150 35 108 130 0.4613333
549 665 96 198 150 35 108 130 0.4613333
549 665 96 198 150 35 108 130 0.4613333

-------------------------------------------------
GENERACIÓN 22
549 665 96 198 150 35 108 130 0.4613333
549 665 96 198 150 35 108 130 0.4613333
549 665 96 198 150 35 108 130 0.4613333
549 665 96 198 150 35 108 130 0.4613333
549 665 96 198 150 35 108 130 0.4613333
549 665 96 198 150 35 108 130 0.4613333
549 665 96 198 150 35 108 130 0.4613333
549 665 96 198 150 35 108 130 0.4613333
549 665 96 198 150 35 108 130 0.4613333
549 665 96 198 150 35 108 130 0.4613333
549 665 96 198 150 35 108 130 0.4613333

-------------------------------------------------
GENERACIÓN 23
549 665 96 198 150 35 108 130 0.4613333
549 665 96 198 150 35 108 130 0.4613333
549 665 96 198 150 35 108 130 0.4613333
549 665 96 198 150 35 108 130 0.4613333
549 665 96 198 150 35 108 130 0.4613333
549 665 96 198 150 35 108 130 0.4613333
549 665 96 198 150 35 108 130 0.4613333
549 665 96 198 150 35 108 130 0.4613333
549 665 96 198 150 35 108 130 0.4613333
549 665 96 198 150 35 108 130 0.4613333
549 665 96 198 150 35 108 130 0.4613333

-------------------------------------------------
GENERACIÓN 24
549 665 96 198 150 35 108 130 0.4613333
549 665 96 198 150 35 108 130 0.4613333
549 665 96 198 150 35 108 130 0.4613333
549 665 96 198 150 35 108 130 0.4613333
549 665 96 198 150 35 108 130 0.4613333
549 665 96 198 150 35 108 130 0.4613333
549 665 96 198 150 35 108 130 0.4613333
549 665 96 198 150 35 108 130 0.4613333
549 665 96 198 150 35 108 130 0.4613333
549 665 96 198 150 35 108 130 0.4613333
549 665 96 198 150 35 108 130 0.4613333

-------------------------------------------------
GENERACIÓN 25
549 519 96 198 150 35 108 130 0.49733338
549 665 96 198 150 35 108 130 0.4613333
549 665 96 198 150 35 108 130 0.4613333
549 665 96 198 150 35 108 130 0.4613333
549 665 96 198 150 35 108 130 0.4613333
549 665 96 198 150 35 108 130 0.4613333
549 665 96 198 150 35 108 130 0.4613333
549 665 96 198 150 35 108 130 0.4613333
549 665 96 198 150 35 108 130 0.4613333
549 665 96 198 150 35 108 130 0.4613333
549 665 96 198 150 35 108 130 0.4613333

-------------------------------------------------
GENERACIÓN 26
549 519 96 198 150 35 108 130 0.49733338
549 665 96 198 150 35 108 130 0.4613333
549 665 96 198 150 35 108 130 0.4613333
549 665 96 198 150 35 108 130 0.4613333
549 665 96 198 150 35 108 130 0.4613333
549 665 96 198 150 35 108 130 0.4613333
549 665 96 198 150 35 108 130 0.4613333
549 665 96 198 150 35 108 130 0.4613333
549 665 96 198 150 35 108 130 0.4613333
549 665 96 198 150 35 108 130 0.4613333
549 665 96 198 150 35 108 130 0.4613333

-------------------------------------------------
GENERACIÓN 27
549 519 96 198 150 35 108 130 0.49733338
549 519 96 198 150 35 108 130 0.49733338
549 665 96 198 150 35 108 130 0.4613333
549 665 96 198 150 35 108 130 0.4613333
549 665 96 198 150 35 108 130 0.4613333
549 665 96 198 150 35 108 130 0.4613333
549 665 96 198 150 35 108 130 0.4613333
549 665 96 198 150 35 108 130 0.4613333
549 665 96 198 150 35 108 130 0.4613333
549 665 96 198 150 35 108 130 0.4613333
549 665 96 198 150 35 108 130 0.4613333

-------------------------------------------------
GENERACIÓN 28
549 519 96 198 150 35 108 130 0.49733338
549 519 96 198 150 35 108 130 0.49733338
549 519 96 198 150 35 108 130 0.49733338
549 519 96 198 150 35 108 130 0.49733338
549 519 96 198 150 35 108 130 0.49733338
549 519 96 198 150 35 108 130 0.49733338
549 665 96 198 150 35 108 130 0.4613333
549 665 96 198 150 35 108 130 0.4613333
549 665 96 198 150 35 108 130 0.4613333
549 665 96 198 150 35 108 130 0.4613333
549 665 96 198 150 35 108 130 0.4613333

-------------------------------------------------
GENERACIÓN 29
549 519 96 198 150 35 108 130 0.49733338
549 519 96 198 150 35 108 130 0.49733338
549 519 96 198 150 35 108 130 0.49733338
549 519 96 198 150 35 108 130 0.49733338
549 519 96 198 150 35 108 130 0.49733338
549 519 96 198 150 35 108 130 0.49733338
549 519 96 198 150 35 108 130 0.49733338
549 519 96 198 150 35 108 130 0.49733338
549 519 96 198 150 35 108 130 0.49733338
549 519 96 198 150 35 108 130 0.49733338
549 665 96 198 150 35 108 130 0.4613333

-------------------------------------------------
GENERACIÓN 30
549 519 96 198 150 35 108 130 0.49733338
549 519 96 198 150 35 108 130 0.49733338
549 519 96 198 150 35 108 130 0.49733338
549 519 96 198 150 35 108 130 0.49733338
549 519 96 198 150 35 108 130 0.49733338
549 519 96 198 150 35 108 130 0.49733338
549 519 96 198 150 35 108 130 0.49733338
549 519 96 198 150 35 108 130 0.49733338
549 519 96 198 150 35 108 130 0.49733338
549 519 96 198 150 35 108 130 0.49733338
549 519 96 198 150 35 108 130 0.49733338

-------------------------------------------------
