GENERACIÓN 0
311 562 19 209 32 38 106 150 -6606686.5
743 855 264 197 239 45 184 130 -8032520.5
348 718 130 207 173 137 240 235 -8161288.0
329 859 137 9 2 108 293 62 -8966370.0
299 477 165 146 98 29 249 13 -9902243.0
783 918 282 14 210 247 191 171 -1.0282837E7
876 951 270 184 195 3 210 131 -1.0428595E7
741 774 237 169 114 73 191 50 -1.0459585E7
105 615 57 232 280 221 107 109 -1.0867163E7
56 425 167 295 115 289 65 146 -1.1099578E7
429 600 19 91 8 71 211 271 -1.1147121E7
592 630 177 171 13 287 169 150 -1.1590709E7
26 715 206 260 116 264 6 75 -1.1843696E7
319 818 117 176 29 83 218 241 -1.1846488E7
327 616 206 253 295 296 7 38 -1.1978456E7
839 907 69 48 57 274 112 90 -1.2018836E7
Mejor: 311 562 19 209 32 38 106 150 -6606686.5

-------------------------------------------------
GENERACIÓN 1
429 630 177 91 8 71 169 271 -6946029.5
592 600 19 171 13 287 211 150 -8051227.5
105 615 57 232 280 221 107 109 -8215313.5
311 562 19 209 32 38 106 150 -8339346.0
327 616 206 253 295 296 7 38 -8431575.0
329 859 130 207 2 108 293 235 -8605883.0
743 855 264 197 239 45 184 130 -8675352.0
741 774 270 169 195 3 210 50 -8771636.0
876 951 237 184 114 73 191 131 -9561528.0
783 918 282 146 210 29 249 171 -9642905.0
26 715 206 260 116 264 6 75 -1.0081849E7
839 907 69 48 57 274 112 90 -1.0103773E7
56 425 167 295 115 289 65 146 -1.02869E7
348 718 137 9 173 137 240 62 -1.0345119E7
319 818 117 176 29 83 218 241 -1.0685263E7
299 477 165 14 98 247 191 13 -1.1769557E7
Mejor: 311 562 19 209 32 38 106 150 -6606686.5

-------------------------------------------------
GENERACIÓN 2
592 600 19 91 13 287 169 150 -6520885.5
741 774 270 169 195 3 210 50 -6681800.0
319 818 117 176 29 83 218 241 -7046604.0
56 425 167 295 115 289 65 146 -7822162.0
348 718 137 9 173 137 240 62 -7835535.5
311 615 57 232 280 38 107 150 -8198707.5
429 630 177 171 8 71 211 271 -8503599.0
299 477 165 14 98 247 191 13 -8916579.0
783 918 282 146 210 29 249 171 -8952964.0
327 616 130 207 2 296 7 38 -9766985.0
839 715 206 260 57 274 6 90 -9864229.0
329 859 206 253 295 108 293 235 -9999489.0
26 907 69 48 116 264 112 75 -1.0045612E7
105 562 19 209 32 221 106 109 -1.0475094E7
876 951 237 184 114 73 191 131 -1.0521828E7
743 855 264 197 239 45 184 130 -1.145678E7
Mejor: 592 600 19 91 13 287 169 150 -6520885.5

-------------------------------------------------
GENERACIÓN 3
319 818 117 176 29 83 218 241 -6214580.0
311 615 137 9 173 137 240 150 -6598764.0
743 855 237 197 239 45 184 130 -7075214.5
56 425 167 295 115 289 65 146 -7531044.0
105 562 19 209 32 221 106 109 -8511803.0
299 630 165 171 8 247 191 13 -8764287.0
327 616 130 207 2 296 7 38 -8787635.0
783 918 282 146 210 29 249 171 -8989911.0
26 907 69 48 116 264 112 75 -9203406.0
429 477 177 14 98 71 211 271 -9379497.0
348 718 57 232 280 38 107 62 -9736335.0
329 859 206 260 57 274 293 90 -9920945.0
592 600 19 91 13 287 169 150 -1.0009086E7
876 951 264 184 114 73 191 131 -1.0176088E7
741 774 270 169 195 3 210 50 -1.0329433E7
839 715 206 253 295 108 6 235 -1.1005683E7
Mejor: 319 818 117 176 29 83 218 241 -6214580.0

-------------------------------------------------
GENERACIÓN 4
311 615 137 9 173 137 240 150 -7119998.5
429 907 177 48 116 71 211 271 -7604324.0
783 918 282 146 210 29 249 171 -7940919.5
876 951 19 184 13 287 169 131 -8579925.0
348 718 57 232 280 38 107 62 -9556633.0
105 630 19 171 8 247 106 13 -9883523.0
839 774 270 253 295 108 6 235 -9958301.0
26 477 69 14 98 264 112 75 -1.0006961E7
299 562 165 209 32 221 191 109 -1.0032619E7
743 855 167 197 115 289 184 146 -1.0321245E7
327 616 130 207 2 296 7 38 -1.0739797E7
741 715 206 169 195 3 210 50 -1.1062547E7
329 859 206 260 57 274 293 90 -1.1107687E7
56 425 237 295 239 45 65 130 -1.1460656E7
592 600 264 91 114 73 191 150 -1.1667865E7
319 818 117 176 29 83 218 241 -1.1839496E7
Mejor: 319 818 117 176 29 83 218 241 -6214580.0

-------------------------------------------------
GENERACIÓN 5
348 718 57 232 280 38 107 62 -4535104.5
319 600 264 91 114 73 191 150 -6195968.0
741 715 206 169 195 3 7 50 -7247309.5
327 616 130 207 2 296 210 38 -7859323.5
299 562 167 197 32 289 191 146 -7992461.5
56 859 237 260 239 274 293 90 -8937165.0
876 918 19 146 210 29 169 131 -9159173.0
26 477 69 14 98 264 112 75 -9233079.0
311 615 137 9 173 137 240 150 -9604951.0
429 907 177 48 116 71 211 271 -1.0198555E7
743 855 165 209 115 221 184 109 -1.0312269E7
839 774 270 253 295 108 6 235 -1.0517661E7
592 818 117 176 29 83 218 241 -1.0709776E7
329 425 206 295 57 45 65 130 -1.1081292E7
105 630 19 171 8 247 106 13 -1.1139308E7
783 951 282 184 13 287 249 171 -1.1515917E7
Mejor: 348 718 57 232 280 38 107 62 -4535104.5

-------------------------------------------------
GENERACIÓN 6
299 859 237 260 239 289 191 146 -6533501.5
741 616 206 169 2 3 210 50 -7005808.5
327 715 130 207 195 296 7 38 -7472578.5
592 818 206 176 29 45 65 130 -8836209.0
311 615 137 9 173 137 240 150 -9160181.0
429 907 177 48 116 71 211 271 -9665855.0
329 425 117 295 57 83 218 241 -1.0186772E7
319 600 264 91 114 73 191 150 -1.031276E7
743 855 165 209 115 221 184 109 -1.0485687E7
876 918 19 14 210 29 169 75 -1.0548033E7
783 630 282 171 13 247 249 13 -1.0726561E7
839 774 270 253 295 108 6 235 -1.0916181E7
348 718 57 232 280 38 107 62 -1.098957E7
26 477 69 146 98 264 112 131 -1.1272004E7
105 951 19 184 8 287 106 171 -1.1754384E7
56 562 167 197 32 274 293 90 -1.2024143E7
Mejor: 348 718 57 232 280 38 107 62 -4535104.5

-------------------------------------------------
GENERACIÓN 7
105 562 167 184 32 274 293 171 -7870638.5
327 715 130 207 195 296 7 38 -8376601.5
876 855 165 14 210 29 169 109 -8769532.0
311 615 177 9 116 71 240 150 -8899715.0
741 616 206 169 2 3 210 50 -9550342.0
743 918 19 209 115 221 184 75 -9613459.0
319 600 264 91 57 73 218 241 -9616639.0
839 630 282 253 295 108 249 235 -1.0113479E7
329 425 117 295 114 83 191 150 -1.0164408E7
429 907 137 48 173 137 211 271 -1.0339715E7
592 818 206 176 29 45 65 130 -1.0407117E7
56 951 19 197 8 287 106 90 -1.0763865E7
783 774 270 171 13 247 6 13 -1.08702E7
26 477 69 232 98 38 112 131 -1.1359753E7
299 859 237 260 239 289 191 146 -1.1730416E7
348 718 57 146 280 264 107 62 -1.1740517E7
Mejor: 348 718 57 232 280 38 107 62 -4535104.5

-------------------------------------------------
GENERACIÓN 8
56 951 206 176 29 45 65 130 -8121682.5
311 615 177 9 116 71 240 150 -8465128.0
26 774 69 232 98 247 112 13 -8633375.0
592 818 19 197 8 287 106 90 -8900857.0
741 616 206 169 2 3 210 50 -9670583.0
348 718 57 146 280 264 107 62 -1.0155211E7
329 425 137 48 173 137 211 150 -1.026366E7
429 907 117 295 114 83 191 271 -1.0333267E7
743 918 19 209 115 221 184 75 -1.0619336E7
319 630 282 91 57 108 249 241 -1.0646813E7
105 715 130 207 32 296 293 171 -1.0789028E7
327 562 167 184 195 274 7 38 -1.0884289E7
839 600 264 253 295 73 218 235 -1.1040533E7
876 855 165 14 210 29 169 109 -1.1111074E7
783 477 270 171 13 38 6 131 -1.1509192E7
299 859 237 260 239 289 191 146 -1.2040829E7
Mejor: 348 718 57 232 280 38 107 62 -4535104.5

-------------------------------------------------
GENERACIÓN 9
311 615 177 9 116 71 240 150 -7445031.5
299 859 270 171 13 38 191 131 -7953038.5
327 715 167 207 32 296 293 38 -8594026.0
741 616 206 169 280 264 107 50 -8922391.0
592 774 19 197 98 247 112 13 -8938252.0
319 630 19 91 57 108 249 75 -9223616.0
783 477 237 260 239 289 6 146 -9300723.0
26 818 69 232 8 287 106 90 -9566244.0
839 855 165 14 210 73 218 235 -9859871.0
348 718 57 146 2 3 210 62 -1.0337661E7
56 951 206 176 29 45 65 130 -1.0339236E7
876 600 264 253 295 29 169 109 -1.0504645E7
743 918 282 209 115 221 184 241 -1.0637915E7
329 425 117 295 173 83 211 150 -1.0719097E7
105 562 130 184 195 274 7 171 -1.0908148E7
429 907 137 48 114 137 191 271 -1.1415899E7
Mejor: 348 718 57 232 280 38 107 62 -4535104.5

-------------------------------------------------
GENERACIÓN 10
329 425 117 295 173 83 211 150 -7816600.0
839 718 57 146 2 73 218 62 -7948368.5
311 615 177 9 116 71 240 150 -8080561.5
56 951 206 176 29 45 65 130 -8127041.5
348 855 165 14 210 3 210 235 -9116252.0
319 630 19 91 57 108 249 75 -9270889.0
743 918 282 209 115 221 184 241 -9327341.0
26 818 69 232 8 287 106 90 -1.0054293E7
876 600 264 253 295 29 169 109 -1.0407918E7
429 907 130 184 114 137 7 271 -1.0418871E7
741 616 206 169 280 264 107 50 -1.0572911E7
592 774 19 197 98 247 112 13 -1.07991E7
105 562 137 48 195 274 191 171 -1.1049644E7
327 715 167 207 32 296 293 38 -1.1372867E7
783 477 237 260 239 289 6 146 -1.148564E7
299 859 270 171 13 38 191 131 -1.1793093E7
Mejor: 348 718 57 232 280 38 107 62 -4535104.5

-------------------------------------------------
GENERACIÓN 11
592 616 206 197 98 264 107 50 -6316295.5
327 715 167 207 32 296 293 38 -7347205.5
319 630 19 91 57 108 249 75 -7423901.5
348 855 165 14 210 3 210 235 -7815538.0
839 718 117 146 173 83 218 62 -9090580.0
105 562 137 48 195 274 191 171 -9134909.0
783 477 237 260 239 289 6 146 -9730033.0
743 918 282 209 115 221 184 241 -9991146.0
311 615 177 9 116 71 240 150 -1.0240029E7
299 859 270 171 13 38 191 131 -1.0296335E7
56 951 206 176 29 45 65 130 -1.078894E7
26 818 69 232 8 287 106 90 -1.0885097E7
741 774 19 169 280 247 112 13 -1.1043219E7
329 425 57 295 2 73 211 150 -1.1280293E7
429 600 264 184 114 29 7 109 -1.1887829E7
876 907 130 253 295 137 169 271 -1.2200315E7
Mejor: 348 718 57 232 280 38 107 62 -4535104.5

-------------------------------------------------
GENERACIÓN 12
329 425 57 295 2 73 211 150 -5394206.5
348 630 19 14 210 3 210 75 -7266775.5
876 907 130 253 295 137 169 271 -8434762.0
429 600 264 184 114 29 7 109 -8452245.0
839 562 137 146 195 274 191 62 -8690023.0
783 477 282 209 115 289 6 146 -9034317.0
105 718 117 48 173 83 218 171 -9192331.0
319 855 165 91 57 108 249 235 -9381228.0
741 774 19 169 280 247 112 13 -9514725.0
299 859 270 171 13 38 191 131 -9584215.0
743 918 237 260 239 221 184 241 -9730481.0
592 715 206 207 32 264 293 38 -9946715.0
311 615 177 9 116 71 240 150 -9995456.0
26 818 206 176 29 287 65 130 -1.0500768E7
56 951 69 232 8 45 106 90 -1.0822831E7
327 616 167 197 98 296 107 50 -1.0955317E7
Mejor: 348 718 57 232 280 38 107 62 -4535104.5

-------------------------------------------------
GENERACIÓN 13
876 600 264 253 114 29 169 271 -7012581.5
348 630 19 14 210 3 210 75 -7512582.5
839 562 137 146 195 289 6 146 -7794753.5
26 818 206 176 29 287 65 130 -8092178.5
783 477 282 209 115 274 191 62 -8772557.0
741 859 270 169 280 38 191 13 -9243837.0
429 907 130 184 295 137 7 109 -9747680.0
56 951 69 232 8 45 106 90 -9978571.0
329 425 57 295 2 73 211 150 -1.0054036E7
327 616 167 197 98 296 107 50 -1.0302739E7
319 718 165 91 57 83 218 235 -1.054582E7
592 715 206 207 32 264 293 38 -1.0636532E7
105 855 117 48 173 108 249 171 -1.0743033E7
299 774 19 171 13 247 112 131 -1.1138987E7
311 615 177 9 116 71 240 150 -1.1817944E7
743 918 237 260 239 221 184 241 -1.1844731E7
Mejor: 348 718 57 232 280 38 107 62 -4535104.5

-------------------------------------------------
GENERACIÓN 14
56 951 69 232 8 45 106 90 -7841115.5
429 907 130 184 295 137 7 109 -8949946.0
743 918 237 260 239 221 184 241 -9302612.0
26 818 137 176 29 287 6 130 -9340372.0
311 615 177 9 116 71 240 150 -9391115.0
592 718 165 91 32 264 218 38 -9510433.0
329 425 57 295 2 73 211 150 -9805412.0
783 477 282 209 115 274 191 62 -9834851.0
741 859 270 169 280 38 191 13 -1.0390817E7
105 855 117 171 13 247 249 131 -1.0710088E7
299 774 19 48 173 108 112 171 -1.1017191E7
319 715 206 207 57 83 293 235 -1.11011E7
327 616 167 197 98 296 107 50 -1.1314657E7
348 630 19 253 210 29 169 75 -1.1641725E7
839 562 206 146 195 289 65 146 -1.1698533E7
876 600 264 14 114 3 210 271 -1.2294657E7
Mejor: 348 718 57 232 280 38 107 62 -4535104.5

-------------------------------------------------
GENERACIÓN 15
592 718 165 91 32 264 240 150 -7699563.5
348 630 167 253 210 29 107 75 -8776948.0
329 425 57 295 2 73 191 150 -8851915.0
429 907 69 184 295 45 106 109 -9046221.0
319 715 206 207 57 83 293 235 -9242415.0
839 600 264 14 114 3 65 271 -9578014.0
311 615 177 9 116 71 218 38 -9925127.0
876 562 206 146 195 289 210 146 -1.003067E7
299 774 19 48 173 108 112 171 -1.0080225E7
783 477 282 209 115 274 211 62 -1.0400881E7
741 855 117 169 280 38 249 131 -1.067211E7
105 859 270 171 13 247 191 13 -1.0839739E7
327 616 19 197 98 296 169 50 -1.113364E7
26 918 237 176 239 287 184 241 -1.1496881E7
743 818 137 260 29 221 6 130 -1.1672459E7
56 951 130 232 8 137 7 90 -1.2286543E7
Mejor: 348 718 57 232 280 38 107 62 -4535104.5

-------------------------------------------------
GENERACIÓN 16
319 600 206 207 114 3 65 235 -7115345.5
741 859 117 171 13 247 191 131 -7260820.5
105 855 270 169 280 38 249 13 -7777603.5
743 951 137 260 8 221 6 130 -7883172.5
348 630 167 253 32 264 107 150 -8025338.0
327 616 237 176 98 296 169 241 -8029791.5
839 715 264 14 57 83 293 271 -8921099.0
299 477 19 48 173 108 112 171 -9252020.0
876 562 206 146 195 289 210 146 -9275927.0
26 918 19 197 239 287 184 50 -9600432.0
311 615 177 9 116 71 218 38 -9868169.0
329 425 57 295 2 73 191 109 -1.0284247E7
56 818 130 232 29 137 7 90 -1.1095867E7
429 907 69 184 295 45 106 150 -1.1202344E7
592 718 165 91 210 29 240 75 -1.2092627E7
783 774 282 209 115 274 211 62 -1.2095333E7
Mejor: 348 718 57 232 280 38 107 62 -4535104.5

-------------------------------------------------
GENERACIÓN 17
348 630 167 253 32 264 107 150 -6314273.5
783 774 282 209 115 274 211 62 -8455235.0
876 562 206 146 239 287 210 50 -8578101.0
56 818 130 232 29 137 7 90 -8840157.0
592 718 165 91 210 29 240 75 -9000217.0
839 715 264 14 57 83 293 271 -9653113.0
105 951 270 169 280 221 6 13 -9715293.0
429 907 69 184 295 45 106 150 -9764835.0
327 616 237 176 98 296 169 241 -9805080.0
299 477 19 48 173 108 112 171 -1.0383547E7
319 600 206 171 13 247 191 131 -1.0784137E7
311 615 177 9 116 71 218 38 -1.0975287E7
741 859 117 207 114 3 65 235 -1.1093295E7
329 425 57 295 2 73 191 109 -1.1179433E7
26 918 19 197 195 289 184 146 -1.1497367E7
743 855 137 260 8 38 249 130 -1.1601475E7
Mejor: 348 718 57 232 280 38 107 62 -4535104.5

-------------------------------------------------
GENERACIÓN 18
299 477 19 48 173 108 112 171 -6927321.5
319 615 177 171 13 247 191 131 -7451021.5
56 818 130 232 29 137 7 90 -8340164.0
105 951 270 184 295 221 6 150 -9013681.0
26 855 137 197 195 289 249 146 -9020823.0
839 715 264 14 57 83 293 271 -9096871.0
592 718 165 91 210 29 240 75 -9312279.0
327 616 237 176 98 296 169 241 -9482224.0
429 907 69 169 280 45 106 13 -9607385.0
783 630 167 209 115 274 211 62 -9623740.0
348 774 282 253 32 264 107 150 -1.0499427E7
741 859 117 207 114 3 65 235 -1.050275E7
329 425 57 295 2 73 191 109 -1.0519732E7
743 918 19 260 8 38 184 130 -1.0609E7
311 600 206 9 116 71 218 38 -1.0740897E7
876 562 206 146 239 287 210 50 -1.1877681E7
Mejor: 348 718 57 232 280 38 107 62 -4535104.5

-------------------------------------------------
GENERACIÓN 19
783 630 69 209 115 274 211 13 -8091830.5
311 600 206 9 116 71 218 38 -8221037.5
105 818 270 184 295 137 7 150 -8347021.5
348 859 282 253 32 264 107 150 -9003893.0
592 718 165 91 210 29 240 75 -9048451.0
26 855 264 197 195 83 293 271 -9186736.0
327 616 237 176 98 296 169 241 -9720795.0
299 477 19 48 173 108 112 171 -9894317.0
743 425 19 260 2 38 184 109 -1.0136965E7
876 562 206 146 239 287 210 50 -1.0153604E7
741 774 117 207 114 3 65 235 -1.0169789E7
329 918 57 295 8 73 191 130 -1.033518E7
429 907 167 169 280 45 106 62 -1.0483378E7
56 951 130 232 29 221 6 90 -1.0573989E7
319 615 177 171 13 247 191 131 -1.0750837E7
839 715 137 14 57 289 249 146 -1.1208312E7
Mejor: 348 718 57 232 280 38 107 62 -4535104.5

-------------------------------------------------
GENERACIÓN 20
429 907 167 232 280 45 6 62 -7157618.5
311 600 69 209 115 71 211 13 -7630034.0
839 715 137 171 57 289 249 131 -8346277.5
105 859 270 184 32 264 7 150 -8780666.0
329 918 117 295 8 3 191 235 -9370877.0
348 818 282 253 295 137 107 150 -9534776.0
56 951 130 169 29 221 106 90 -9706267.0
592 718 165 91 210 29 240 75 -9774248.0
783 630 206 9 116 274 218 38 -9900837.0
876 562 206 146 239 287 210 50 -1.0121369E7
319 615 177 14 13 247 191 146 -1.015489E7
327 477 19 48 173 296 112 241 -1.0680221E7
743 425 19 260 2 38 184 109 -1.0819151E7
26 855 264 197 195 83 293 271 -1.1281255E7
299 616 237 176 98 108 169 171 -1.1318267E7
741 774 57 207 114 73 65 130 -1.1430136E7
Mejor: 348 718 57 232 280 38 107 62 -4535104.5

-------------------------------------------------
