GENERACIÓN 0
53 622 10 164 73 198 131 290 -2821258.8
289 947 195 107 159 148 226 196 -4457156.5
914 930 239 181 13 276 9 255 -4799820.5
723 752 279 14 29 297 259 203 -5190848.5
247 803 136 44 295 294 209 249 -5221557.5
679 679 282 141 161 189 53 45 -5314318.5
505 714 129 82 55 250 226 61 -5388805.0
505 801 182 53 76 263 160 182 -5451914.5
582 827 110 151 258 52 197 139 -5698308.0
255 639 30 273 69 206 65 101 -5953652.5
219 251 261 281 197 131 124 140 -6772814.0
34 136 132 215 292 237 25 204 -7232086.5
390 398 292 131 33 69 202 209 -7271890.5
741 931 212 191 51 194 148 110 -7876527.5
752 947 67 122 219 271 165 42 -8201910.0
714 799 151 17 136 248 31 179 -9039919.0
Mejor: 53 622 10 164 73 198 131 290 -2821258.8

-------------------------------------------------
GENERACIÓN 1
53 622 10 164 73 198 131 290 -2821258.8
505 714 279 14 55 297 259 61 -4428649.5
289 947 195 107 159 148 226 196 -4457156.5
914 930 239 181 13 276 9 255 -4799820.5
247 752 279 44 29 294 259 203 -4834741.5
723 752 279 14 29 297 259 203 -5190848.5
247 803 136 44 295 294 209 249 -5221557.5
505 714 129 82 55 250 226 61 -5249780.5
679 679 282 141 161 189 53 45 -5314318.5
505 714 129 82 55 250 226 61 -5388805.0
505 801 182 53 76 263 160 182 -5451914.5
289 947 195 107 159 148 226 196 -5487594.5
255 930 30 273 13 276 65 101 -5620866.0
247 803 136 44 295 294 209 249 -5680618.5
582 827 110 151 258 52 197 139 -5698308.0
914 639 239 181 69 206 9 255 -5814437.5
Mejor: 53 622 10 164 73 198 131 290 -2821258.8

-------------------------------------------------
GENERACIÓN 2
53 622 10 164 73 198 131 290 -2821258.8
289 947 195 107 159 148 226 196 -3871272.8
289 947 195 107 295 148 209 249 -4250508.5
505 714 279 14 55 297 259 61 -4428649.5
289 947 195 107 159 148 226 196 -4457156.5
914 752 239 181 29 276 259 203 -4566345.0
914 930 239 181 13 276 9 255 -4799820.5
505 714 129 82 55 250 226 61 -4810627.0
247 752 279 44 29 294 259 203 -4834741.5
247 803 136 44 295 294 209 249 -4945485.5
723 752 279 14 29 297 259 203 -5004712.5
723 752 279 14 29 297 259 203 -5190848.5
247 803 136 44 295 294 209 249 -5221557.5
505 714 129 82 55 250 226 61 -5249780.5
914 947 239 181 159 148 226 255 -5279637.0
679 679 282 141 161 189 53 45 -5314318.5
Mejor: 53 622 10 164 73 198 131 290 -2821258.8

-------------------------------------------------
GENERACIÓN 3
53 622 10 164 73 198 131 290 -2821258.8
289 947 195 107 159 148 226 196 -3871272.8
289 947 195 107 295 148 209 249 -3929826.0
289 947 195 107 295 148 209 249 -4250508.5
505 714 279 14 55 297 259 61 -4428649.5
289 947 195 107 159 148 226 196 -4457156.5
914 752 239 181 29 276 259 203 -4566345.0
914 930 239 181 13 276 9 255 -4799820.5
505 714 129 82 55 250 226 61 -4810627.0
247 752 279 44 29 294 259 203 -4834741.5
247 803 136 44 295 294 209 249 -4945485.5
289 947 195 44 295 148 209 249 -4947112.0
289 947 195 107 159 148 226 196 -4964221.5
723 752 279 14 29 297 259 203 -5004712.5
247 803 136 107 295 294 209 249 -5027266.0
289 714 279 107 159 297 226 61 -5154086.5
Mejor: 53 622 10 164 73 198 131 290 -2821258.8

-------------------------------------------------
GENERACIÓN 4
505 714 129 82 55 250 226 61 -1671988.0
505 714 129 82 55 250 226 61 -1671988.0
53 622 195 164 295 148 209 290 -3649558.2
289 947 195 107 159 148 226 196 -3871272.8
289 947 195 107 295 148 209 249 -3929826.0
914 752 239 181 13 276 259 255 -4008660.0
289 947 195 107 295 148 209 249 -4250508.5
505 714 279 14 55 297 259 61 -4428649.5
505 714 279 14 55 297 259 61 -4437492.5
289 947 195 107 159 148 226 196 -4457156.5
914 752 239 181 29 276 259 203 -4566345.0
914 930 239 181 13 276 9 255 -4799820.5
505 714 129 82 55 250 226 61 -4810627.0
247 752 279 44 29 294 259 203 -4834741.5
505 752 279 181 55 297 259 61 -4927672.0
247 803 136 44 295 294 209 249 -4945485.5
Mejor: 505 714 129 82 55 250 226 61 -1671988.0

-------------------------------------------------
GENERACIÓN 5
505 714 129 82 55 250 226 61 -1671988.0
505 714 129 82 55 250 226 61 -1671988.0
53 752 195 181 295 148 259 255 -3637704.8
289 947 195 164 159 148 226 196 -3639866.8
53 622 195 164 295 148 209 290 -3649558.2
289 947 195 107 159 148 226 196 -3871272.8
289 947 195 107 295 148 209 249 -3929826.0
914 752 239 181 13 276 259 255 -4008660.0
289 947 195 107 295 148 209 249 -4250508.5
289 947 195 107 295 148 209 249 -4251323.5
505 714 279 14 55 297 259 61 -4428649.5
505 714 279 14 55 297 259 61 -4437492.5
289 947 195 107 159 148 226 196 -4457156.5
914 752 239 181 29 276 259 203 -4566345.0
505 714 129 82 55 250 226 61 -4595431.5
289 947 195 107 159 148 226 196 -4691371.5
Mejor: 505 714 129 82 55 250 226 61 -1671988.0

-------------------------------------------------
GENERACIÓN 6
505 714 129 82 55 250 226 61 -1671988.0
505 714 129 82 55 250 226 61 -1671988.0
289 947 195 107 295 148 209 249 -3238783.2
53 752 195 181 295 148 259 255 -3637704.8
289 947 195 164 159 148 226 196 -3639866.8
53 622 195 164 295 148 209 290 -3649558.2
289 947 195 164 159 148 226 196 -3740749.2
505 714 129 107 295 250 226 249 -3790235.8
289 947 195 107 159 148 226 196 -3871272.8
289 947 195 107 295 148 209 249 -3929826.0
914 752 239 181 13 276 259 255 -4008660.0
289 947 195 107 295 148 209 249 -4250508.5
289 947 195 107 295 148 209 249 -4251323.5
505 714 279 14 55 297 259 61 -4428649.5
505 714 279 14 55 297 259 61 -4437492.5
289 947 195 164 159 148 226 196 -4455301.0
Mejor: 505 714 129 82 55 250 226 61 -1671988.0

-------------------------------------------------
GENERACIÓN 7
505 714 129 82 55 250 226 61 -1671988.0
505 714 129 82 55 250 226 61 -1671988.0
505 714 129 82 55 250 226 61 -2564011.8
289 947 195 107 295 148 209 249 -3238783.2
53 752 195 181 295 148 259 255 -3637704.8
289 947 195 164 159 148 226 196 -3639866.8
53 622 195 164 295 148 209 290 -3649558.2
289 947 195 164 159 148 226 196 -3740749.2
505 714 129 107 295 250 226 249 -3790235.8
289 947 195 107 159 148 226 196 -3871272.8
289 947 195 107 295 148 209 249 -3929826.0
914 752 239 181 13 276 259 255 -4008660.0
289 947 195 164 159 148 226 196 -4039510.8
289 947 195 107 295 148 209 249 -4250508.5
289 947 195 107 295 148 209 249 -4251323.5
505 714 279 14 55 297 259 61 -4428649.5
Mejor: 505 714 129 82 55 250 226 61 -1671988.0

-------------------------------------------------
GENERACIÓN 8
505 714 129 82 55 250 226 61 -1671988.0
505 714 129 82 55 250 226 61 -1671988.0
505 714 129 82 55 250 226 61 -2564011.8
289 947 195 107 295 148 209 249 -3238783.2
53 752 195 181 295 148 259 255 -3637704.8
289 947 195 164 159 148 226 196 -3639866.8
53 622 195 164 295 148 209 290 -3649558.2
289 947 195 164 159 148 226 196 -3740749.2
505 714 129 107 295 250 226 249 -3790235.8
289 947 195 107 159 148 226 196 -3871272.8
289 947 195 107 295 148 209 249 -3929826.0
914 752 239 181 13 276 259 255 -4008660.0
289 947 195 164 159 148 226 196 -4039510.8
289 947 195 164 295 148 209 249 -4175490.0
289 947 195 107 295 148 209 249 -4250508.5
289 947 195 107 295 148 209 249 -4251323.5
Mejor: 505 714 129 82 55 250 226 61 -1671988.0

-------------------------------------------------
GENERACIÓN 9
505 714 129 82 55 250 226 61 -1671988.0
505 714 129 82 55 250 226 61 -1671988.0
505 714 129 82 55 250 226 61 -2564011.8
289 947 195 107 295 148 209 249 -3238783.2
53 752 195 181 295 148 259 255 -3637704.8
289 947 195 164 159 148 226 196 -3639866.8
53 622 195 164 295 148 209 290 -3649558.2
289 947 195 164 159 148 226 196 -3740749.2
505 714 129 107 295 250 226 249 -3790235.8
289 947 195 107 159 148 226 196 -3871272.8
289 947 195 107 295 148 209 249 -3929826.0
914 752 239 181 13 276 259 255 -4008660.0
289 947 195 164 159 148 226 196 -4039510.8
289 947 195 164 295 148 209 249 -4175490.0
289 947 129 107 159 250 226 196 -4232304.5
289 947 195 107 295 148 209 249 -4250508.5
Mejor: 505 714 129 82 55 250 226 61 -1671988.0

-------------------------------------------------
GENERACIÓN 10
505 714 129 82 55 250 226 61 -1671988.0
505 714 129 82 55 250 226 61 -1671988.0
289 947 195 164 159 148 226 196 -1902690.4
505 714 129 82 55 250 226 61 -2564011.8
289 947 195 107 295 148 209 249 -3238783.2
53 752 195 181 295 148 259 255 -3637704.8
289 947 195 164 159 148 226 196 -3639866.8
53 622 195 164 295 148 209 290 -3649558.2
289 947 195 164 159 148 226 196 -3740749.2
505 714 129 107 295 250 226 249 -3790235.8
289 947 195 107 159 148 226 196 -3871272.8
289 947 195 107 295 148 209 249 -3929826.0
914 752 239 181 13 276 259 255 -4008660.0
289 947 195 164 159 148 226 196 -4039510.8
289 947 195 164 295 148 209 249 -4175490.0
289 947 195 107 159 148 226 196 -4226970.5
Mejor: 505 714 129 82 55 250 226 61 -1671988.0

-------------------------------------------------
GENERACIÓN 11
505 714 129 82 55 250 226 61 -1671988.0
505 714 129 82 55 250 226 61 -1671988.0
289 947 195 164 159 148 226 196 -1902690.4
289 714 129 82 159 250 226 61 -2249760.2
505 714 129 82 55 250 226 61 -2564011.8
289 947 195 107 295 148 209 249 -3238783.2
53 752 195 181 295 148 259 255 -3637704.8
289 947 195 164 159 148 226 196 -3639866.8
53 622 195 164 295 148 209 290 -3649558.2
289 947 195 164 159 148 226 196 -3740749.2
505 714 129 107 295 250 226 249 -3790235.8
289 947 195 107 159 148 226 196 -3871272.8
289 947 195 107 295 148 209 249 -3929826.0
289 947 195 107 159 148 209 196 -3999548.8
914 752 239 181 13 276 259 255 -4008660.0
289 947 195 164 159 148 226 196 -4039510.8
Mejor: 505 714 129 82 55 250 226 61 -1671988.0

-------------------------------------------------
GENERACIÓN 12
505 714 129 82 55 250 226 61 -1671988.0
505 714 129 82 55 250 226 61 -1671988.0
289 947 195 164 159 148 226 196 -1902690.4
289 714 129 82 159 250 226 61 -2249760.2
505 714 129 82 55 250 226 61 -2564011.8
289 947 195 107 295 148 209 249 -3238783.2
289 714 195 107 295 148 209 249 -3457599.2
289 947 195 164 159 148 226 196 -3554314.8
53 752 195 181 295 148 259 255 -3637704.8
289 947 195 164 159 148 226 196 -3639866.8
53 622 195 164 295 148 209 290 -3649558.2
289 947 195 164 159 148 226 196 -3740749.2
505 714 129 107 295 250 226 249 -3790235.8
289 947 195 107 159 148 226 196 -3871272.8
289 947 195 107 295 148 209 249 -3929826.0
289 947 195 107 159 148 209 196 -3999548.8
Mejor: 505 714 129 82 55 250 226 61 -1671988.0

-------------------------------------------------
GENERACIÓN 13
505 714 129 82 55 250 226 61 -1671988.0
505 714 129 82 55 250 226 61 -1671988.0
289 947 195 164 159 148 226 196 -1902690.4
289 714 129 82 159 250 226 61 -2249760.2
505 714 129 82 55 250 226 61 -2564011.8
289 947 195 107 295 148 209 249 -3238783.2
289 714 195 107 295 148 209 249 -3457599.2
289 947 195 164 159 148 226 196 -3554314.8
53 752 195 181 295 148 259 255 -3637704.8
289 947 195 164 159 148 226 196 -3639866.8
53 622 195 164 295 148 209 290 -3649558.2
289 947 195 164 159 148 226 196 -3740749.2
505 714 129 107 295 250 226 249 -3790235.8
289 947 195 107 159 148 226 196 -3871272.8
289 947 195 107 295 148 209 249 -3929826.0
289 947 195 107 159 148 209 196 -3999548.8
Mejor: 505 714 129 82 55 250 226 61 -1671988.0

-------------------------------------------------
GENERACIÓN 14
505 714 129 82 55 250 226 61 -1671988.0
505 714 129 82 55 250 226 61 -1671988.0
289 947 195 164 159 148 226 196 -1902690.4
289 714 129 82 159 250 226 61 -2249760.2
505 714 129 82 55 250 226 61 -2564011.8
289 947 195 107 295 148 209 249 -3238783.2
289 714 195 107 295 148 209 249 -3457599.2
289 947 195 164 159 148 226 196 -3554314.8
53 752 195 181 295 148 259 255 -3637704.8
289 947 195 164 159 148 226 196 -3639866.8
53 622 195 164 295 148 209 290 -3649558.2
289 947 195 164 159 148 226 196 -3740749.2
505 714 129 107 295 250 226 249 -3790235.8
289 947 195 107 159 148 226 196 -3871272.8
289 947 195 107 295 148 209 249 -3929826.0
289 947 195 107 159 148 209 196 -3999548.8
Mejor: 505 714 129 82 55 250 226 61 -1671988.0

-------------------------------------------------
GENERACIÓN 15
505 714 129 82 55 250 226 61 -1671988.0
505 714 129 82 55 250 226 61 -1671988.0
289 947 195 164 159 148 226 196 -1902690.4
289 714 129 82 159 250 226 61 -2249760.2
505 714 129 82 55 250 226 61 -2564011.8
289 947 195 107 295 148 209 249 -3238783.2
289 714 195 107 295 148 209 249 -3457599.2
289 947 195 164 159 148 226 196 -3554314.8
53 752 195 181 295 148 259 255 -3637704.8
289 947 195 164 159 148 226 196 -3639866.8
53 622 195 164 295 148 209 290 -3649558.2
289 947 195 164 159 148 226 196 -3740749.2
505 714 129 107 295 250 226 249 -3790235.8
289 947 195 107 159 148 226 196 -3871272.8
289 947 195 107 295 148 209 249 -3929826.0
289 947 195 107 159 148 209 196 -3999548.8
Mejor: 505 714 129 82 55 250 226 61 -1671988.0

-------------------------------------------------
GENERACIÓN 16
505 714 129 82 55 250 226 61 -1671988.0
505 714 129 82 55 250 226 61 -1671988.0
289 947 195 164 159 148 226 196 -1902690.4
289 714 129 82 159 250 226 61 -2249760.2
505 714 129 82 55 250 226 61 -2564011.8
289 947 195 107 295 148 209 249 -3238783.2
289 714 195 107 295 148 209 249 -3457599.2
289 947 195 164 159 148 226 196 -3554314.8
53 752 195 181 295 148 259 255 -3637704.8
289 947 195 164 159 148 226 196 -3639866.8
53 622 195 164 295 148 209 290 -3649558.2
289 947 195 164 159 148 226 196 -3740749.2
505 714 129 107 295 250 226 249 -3790235.8
289 947 195 107 159 148 226 196 -3871272.8
505 714 129 82 55 250 226 61 -3912450.8
289 947 195 107 295 148 209 249 -3929826.0
Mejor: 505 714 129 82 55 250 226 61 -1671988.0

-------------------------------------------------
GENERACIÓN 17
505 714 129 82 55 250 226 61 -1671988.0
505 714 129 82 55 250 226 61 -1671988.0
289 947 195 164 159 148 226 196 -1902690.4
289 714 129 82 159 250 226 61 -2249760.2
505 714 129 82 55 250 226 61 -2564011.8
289 947 195 107 295 148 209 249 -3238783.2
289 714 195 107 295 148 209 249 -3457599.2
289 947 195 164 159 148 226 196 -3554314.8
53 752 195 181 295 148 259 255 -3637704.8
289 947 195 164 159 148 226 196 -3639866.8
53 622 195 164 295 148 209 290 -3649558.2
289 947 195 164 159 148 226 196 -3740749.2
505 714 129 107 295 250 226 249 -3790235.8
289 947 195 107 159 148 226 196 -3871272.8
505 714 129 82 55 250 226 61 -3912450.8
289 947 195 107 295 148 209 249 -3929826.0
Mejor: 505 714 129 82 55 250 226 61 -1671988.0

-------------------------------------------------
GENERACIÓN 18
505 714 129 82 55 250 226 61 -1671988.0
505 714 129 82 55 250 226 61 -1671988.0
289 947 195 164 159 148 226 196 -1902690.4
289 714 129 82 159 250 226 61 -2249760.2
505 714 129 82 55 250 226 61 -2564011.8
289 947 195 164 159 148 226 196 -3223402.8
289 947 195 107 295 148 209 249 -3238783.2
289 947 195 107 295 148 209 249 -3269488.2
289 714 195 107 295 148 209 249 -3457599.2
289 947 195 164 159 148 226 196 -3554314.8
53 752 195 181 295 148 259 255 -3637704.8
289 947 195 164 159 148 226 196 -3639866.8
53 622 195 164 295 148 209 290 -3649558.2
289 947 195 164 159 148 226 196 -3740749.2
505 714 129 107 295 250 226 249 -3790235.8
289 947 195 164 295 148 226 249 -3814795.2
Mejor: 505 714 129 82 55 250 226 61 -1671988.0

-------------------------------------------------
GENERACIÓN 19
505 714 129 82 55 250 226 61 -1671988.0
505 714 129 82 55 250 226 61 -1671988.0
289 947 195 164 159 148 226 196 -1902690.4
289 714 129 82 159 250 226 61 -2249760.2
505 714 129 82 55 250 226 61 -2564011.8
289 947 195 164 159 148 226 196 -3223402.8
289 947 195 107 295 148 209 249 -3238783.2
289 947 195 107 295 148 209 249 -3269488.2
289 714 195 107 295 148 209 249 -3457599.2
289 947 195 164 159 148 226 196 -3554314.8
53 752 195 181 295 148 259 255 -3637704.8
289 947 195 164 159 148 226 196 -3639866.8
53 622 195 164 295 148 209 290 -3649558.2
289 947 195 164 159 148 226 196 -3740749.2
505 714 129 107 295 250 226 249 -3790235.8
289 947 195 164 295 148 226 249 -3814795.2
Mejor: 505 714 129 82 55 250 226 61 -1671988.0

-------------------------------------------------
GENERACIÓN 20
505 947 195 164 159 148 226 196 -445164.34
505 714 129 82 55 250 226 61 -1671988.0
505 947 195 164 159 148 226 196 -445164.34
289 947 195 164 159 148 226 196 -1902690.4
289 714 129 82 159 250 226 61 -2249760.2
505 714 129 82 55 250 226 61 -2564011.8
289 947 195 164 159 148 226 196 -3223402.8
289 947 195 107 295 148 209 249 -3238783.2
289 947 195 107 295 148 209 249 -3269488.2
289 714 195 107 295 148 209 249 -3457599.2
289 947 195 164 159 148 226 196 -3554314.8
53 752 195 181 295 148 259 255 -3637704.8
289 947 195 164 159 148 226 196 -3639866.8
53 622 195 164 295 148 209 290 -3649558.2
289 714 129 82 55 250 226 61 -3734717.2
289 947 195 164 159 148 226 196 -3740749.2
Mejor: 505 947 195 164 159 148 226 196 -445164.34

-------------------------------------------------
