GENERACIÓN 0
440 729 79 97 243 35 112 134 -0.018813578
531 686 276 275 0 239 124 237 -0.019070322
258 609 146 76 52 213 67 257 -0.019840794
351 701 19 37 261 180 115 83 -0.02037835
33 34 245 2 106 41 127 189 -0.020546472
865 874 168 133 246 37 77 229 -0.021781273
552 634 210 84 4 264 36 208 -0.022208601
163 445 112 288 55 134 26 135 -0.022395233
603 916 269 295 108 133 221 24 -0.022481432
65 506 69 189 135 139 131 83 -0.023078853
195 447 62 273 277 47 101 166 -0.030141106
752 891 288 75 17 180 228 239 -0.15648982
530 701 81 43 214 139 211 147 -0.16584004
767 864 132 127 280 280 183 34 -0.3334917
307 672 183 264 55 50 192 236 -0.336947
742 909 172 14 212 45 166 128 -0.447626
Mejor: 440 729 79 97 243 35 112 134 -0.018813578

-------------------------------------------------
GENERACIÓN 1
65 701 69 189 135 139 131 83 -0.016892245
440 729 79 97 243 35 112 134 -0.018813578
351 506 19 37 261 180 115 83 -0.018835805
531 686 276 275 0 239 124 237 -0.019070322
552 634 210 84 4 264 36 208 -0.019275015
258 609 146 76 52 213 67 257 -0.019840794
351 701 19 37 261 180 115 83 -0.02037835
33 34 245 2 106 41 127 189 -0.020546472
531 686 210 84 0 239 124 208 -0.021405622
865 874 168 133 246 37 77 229 -0.021781273
552 634 210 84 4 264 36 208 -0.022208601
163 445 112 288 55 134 26 135 -0.022395233
603 916 269 295 108 133 221 24 -0.022481432
65 506 69 189 135 139 131 83 -0.023078853
552 634 276 275 4 264 36 237 -0.023504535
603 916 269 295 108 133 221 24 -0.023566848
Mejor: 65 701 69 189 135 139 131 83 -0.016892245

-------------------------------------------------
GENERACIÓN 2
351 686 19 37 0 239 124 83 -0.01638485
65 701 69 189 135 139 131 83 -0.016892245
440 729 79 97 243 35 112 134 -0.018813578
351 506 19 37 261 180 115 83 -0.018835805
531 686 276 275 0 239 124 237 -0.019070322
258 445 146 288 55 134 26 135 -0.019247688
552 634 210 84 4 264 36 208 -0.019275015
258 609 146 76 52 213 67 257 -0.019840794
552 686 210 84 4 239 124 208 -0.020056715
351 701 19 37 261 180 115 83 -0.02037835
33 34 245 2 106 41 127 189 -0.020546472
351 506 19 37 261 139 131 83 -0.021195516
65 701 69 189 135 139 131 83 -0.021273047
531 686 210 84 0 239 124 208 -0.021405622
865 874 168 133 246 37 77 229 -0.021781273
351 729 19 97 243 180 115 83 -0.022185544
Mejor: 351 686 19 37 0 239 124 83 -0.01638485

-------------------------------------------------
GENERACIÓN 3
258 445 146 288 55 134 26 135 -0.016148305
351 686 19 37 0 239 124 83 -0.01638485
65 701 276 275 0 139 124 237 -0.016817551
65 701 69 189 135 139 131 83 -0.016892245
552 634 210 189 4 139 36 83 -0.017827725
440 729 79 97 243 35 112 134 -0.018813578
351 506 19 37 261 180 115 83 -0.018835805
531 686 69 189 135 239 131 83 -0.018935734
531 686 276 275 0 239 124 237 -0.019070322
258 445 146 288 55 134 26 135 -0.019247688
552 634 210 84 4 264 36 208 -0.019275015
258 506 19 288 55 134 115 135 -0.01935353
258 609 146 76 52 213 67 257 -0.019840794
552 686 210 84 4 239 124 208 -0.020056715
351 701 19 37 261 180 115 83 -0.02037835
33 34 245 2 106 41 127 189 -0.020546472
Mejor: 258 445 146 288 55 134 26 135 -0.016148305

-------------------------------------------------
GENERACIÓN 4
440 729 79 97 243 35 112 134 -0.014930249
258 445 146 288 55 134 26 135 -0.016148305
351 686 19 37 0 239 124 83 -0.01638485
65 701 276 275 0 139 124 237 -0.016817551
65 701 69 189 135 139 131 83 -0.016892245
552 634 210 189 4 139 36 83 -0.017827725
258 506 19 288 55 134 115 135 -0.018587762
440 729 79 97 243 35 112 134 -0.018813578
351 506 19 37 261 180 115 83 -0.018835805
531 686 69 189 135 239 131 83 -0.018935734
531 686 276 275 0 239 124 237 -0.019070322
258 445 146 288 55 134 26 135 -0.019247688
552 634 210 84 4 264 36 208 -0.019275015
258 506 19 288 55 134 115 135 -0.01935353
258 609 146 76 52 213 67 257 -0.019840794
351 686 19 37 0 239 124 83 -0.020018535
Mejor: 440 729 79 97 243 35 112 134 -0.014930249

-------------------------------------------------
GENERACIÓN 5
440 729 79 97 243 35 112 134 -0.014930249
258 445 146 288 55 134 26 135 -0.016148305
351 686 19 37 0 239 124 83 -0.01638485
65 701 276 275 0 139 124 237 -0.016817551
65 701 69 189 135 139 131 83 -0.016892245
258 445 79 97 243 134 112 134 -0.016994387
531 701 276 275 135 239 124 83 -0.017029127
440 729 146 288 55 35 26 135 -0.017728632
552 634 210 189 4 139 36 83 -0.017827725
258 506 19 288 55 134 115 135 -0.018587762
440 729 79 97 243 35 112 134 -0.018741107
440 729 79 97 243 35 112 134 -0.018813578
351 506 19 37 261 180 115 83 -0.018835805
531 686 69 189 135 239 131 83 -0.018935734
531 686 276 275 0 239 124 237 -0.019070322
258 445 146 288 55 134 26 135 -0.019247688
Mejor: 440 729 79 97 243 35 112 134 -0.014930249

-------------------------------------------------
GENERACIÓN 6
440 729 79 97 243 35 112 134 -0.014930249
65 701 69 189 135 139 131 83 -0.015124664
351 686 19 37 0 239 124 83 -0.015647518
258 445 146 288 55 134 26 135 -0.016148305
351 686 19 37 0 239 124 83 -0.01638485
258 686 19 37 0 134 112 134 -0.01669663
65 701 276 275 0 139 124 237 -0.016817551
65 701 69 189 135 139 131 83 -0.016892245
258 445 79 97 243 134 112 134 -0.016994387
531 701 276 275 135 239 124 83 -0.017029127
440 729 146 288 55 35 26 135 -0.017728632
351 506 19 37 261 180 115 83 -0.017811924
552 634 210 189 4 139 36 83 -0.017827725
351 686 19 37 0 239 124 83 -0.018036997
258 445 146 288 55 134 26 135 -0.0185635
258 506 19 288 55 134 115 135 -0.018587762
Mejor: 440 729 79 97 243 35 112 134 -0.014930249

-------------------------------------------------
GENERACIÓN 7
440 729 79 97 243 35 112 134 -0.014930249
65 701 69 189 135 139 131 83 -0.015124664
351 686 19 37 0 239 124 83 -0.015647518
351 701 19 37 0 139 124 83 -0.015708616
258 445 146 288 55 134 26 135 -0.016148305
258 445 79 97 243 134 112 134 -0.016226884
351 686 19 37 0 239 124 83 -0.01638485
258 686 19 37 0 134 112 134 -0.01669663
65 701 276 275 0 139 124 237 -0.016817551
65 701 69 189 135 139 131 83 -0.016892245
351 686 19 37 0 239 124 83 -0.016969029
258 445 79 97 243 134 112 134 -0.016994387
531 701 276 275 135 239 124 83 -0.017029127
440 729 146 288 55 35 26 135 -0.017728632
351 506 19 37 261 180 115 83 -0.017811924
552 634 210 189 4 139 36 83 -0.017827725
Mejor: 440 729 79 97 243 35 112 134 -0.014930249

-------------------------------------------------
GENERACIÓN 8
440 729 79 97 243 35 112 134 -0.014930249
65 701 69 189 135 139 131 83 -0.015124664
351 686 19 37 0 239 124 83 -0.015647518
351 701 19 37 0 139 124 83 -0.015708616
258 445 146 288 55 134 26 135 -0.016148305
258 445 79 97 243 134 112 134 -0.016226884
351 686 19 37 0 239 124 83 -0.01638485
258 686 19 37 0 134 112 134 -0.01669663
65 701 276 275 0 139 124 237 -0.016817551
258 686 19 37 0 134 112 134 -0.016878592
351 686 19 37 0 239 124 83 -0.016890528
65 701 69 189 135 139 131 83 -0.016892245
351 686 19 37 0 239 124 83 -0.016969029
258 445 79 97 243 134 112 134 -0.016994387
531 701 276 275 135 239 124 83 -0.017029127
440 729 146 288 55 35 26 135 -0.017728632
Mejor: 440 729 79 97 243 35 112 134 -0.014930249

-------------------------------------------------
GENERACIÓN 9
440 729 79 97 243 35 112 134 -0.014930249
65 701 69 189 135 139 131 83 -0.015124664
351 686 19 37 0 239 124 83 -0.015647518
351 701 19 37 0 139 124 83 -0.015708616
258 445 146 288 55 134 26 135 -0.016148305
258 445 79 97 243 134 112 134 -0.016226884
351 686 19 37 0 239 124 83 -0.01638485
440 729 79 189 135 35 131 134 -0.01657247
258 686 19 37 0 134 112 134 -0.01669663
65 701 276 275 0 139 124 237 -0.016817551
258 686 19 37 0 134 112 134 -0.016878592
351 686 19 37 0 239 124 83 -0.016890528
65 701 69 189 135 139 131 83 -0.016892245
351 686 19 37 0 239 124 83 -0.016969029
258 445 79 97 243 134 112 134 -0.016994387
531 701 276 275 135 239 124 83 -0.017029127
Mejor: 440 729 79 97 243 35 112 134 -0.014930249

-------------------------------------------------
GENERACIÓN 10
440 729 79 97 243 35 112 134 -0.014930249
65 701 69 189 135 139 131 83 -0.015124664
351 686 19 37 0 239 124 83 -0.015647518
351 701 19 37 0 139 124 83 -0.015708616
351 686 19 37 135 139 131 83 -0.015903672
258 445 146 288 55 134 26 135 -0.016148305
258 445 79 97 243 134 112 134 -0.016226884
351 686 19 37 0 239 124 83 -0.01638485
440 729 79 189 135 35 131 134 -0.01657247
258 686 19 37 0 134 112 134 -0.01669663
65 701 276 275 0 139 124 237 -0.016817551
258 686 19 37 0 134 112 134 -0.016878592
351 686 19 37 0 239 124 83 -0.016890528
65 701 69 189 135 139 131 83 -0.016892245
351 686 19 37 0 239 124 83 -0.016969029
258 445 79 97 243 134 112 134 -0.016994387
Mejor: 440 729 79 97 243 35 112 134 -0.014930249

-------------------------------------------------
GENERACIÓN 11
258 686 19 37 0 134 112 134 -0.013348668
351 701 19 37 0 139 124 83 -0.014697853
440 729 79 97 243 35 112 134 -0.014930249
65 701 69 189 135 139 131 83 -0.015124664
440 729 79 97 243 35 112 134 -0.015254003
351 686 19 37 0 239 124 83 -0.015647518
351 701 19 37 0 139 124 83 -0.015708616
351 686 19 37 135 139 131 83 -0.015903672
258 445 146 288 55 134 26 135 -0.016148305
258 445 79 97 243 134 112 134 -0.016226884
351 686 19 37 0 239 124 83 -0.01627714
351 686 19 37 0 239 124 83 -0.01638485
440 729 79 189 135 35 131 134 -0.01657247
258 686 19 37 0 134 112 134 -0.01669663
65 701 276 275 0 139 124 237 -0.016817551
258 686 19 37 0 134 112 134 -0.016878592
Mejor: 258 686 19 37 0 134 112 134 -0.013348668

-------------------------------------------------
GENERACIÓN 12
258 686 19 37 0 134 112 134 -0.013348668
440 729 79 97 243 35 112 134 -0.014609701
351 701 19 37 0 139 124 83 -0.014697853
440 729 79 97 243 35 112 134 -0.014930249
65 701 69 189 135 139 131 83 -0.015124664
440 729 79 97 243 35 112 134 -0.015254003
351 686 19 37 0 239 124 83 -0.015647518
351 701 19 37 0 139 124 83 -0.015708616
351 686 19 37 135 139 131 83 -0.015809435
351 686 19 37 135 139 131 83 -0.015903672
258 445 146 288 55 134 26 135 -0.016148305
258 445 79 97 243 134 112 134 -0.016226884
351 686 19 37 0 239 124 83 -0.01627714
351 686 19 37 0 239 124 83 -0.01638485
440 729 79 189 135 35 131 134 -0.01657247
258 686 19 37 0 134 112 134 -0.01669663
Mejor: 258 686 19 37 0 134 112 134 -0.013348668

-------------------------------------------------
GENERACIÓN 13
258 686 19 37 0 134 112 134 -0.013348668
258 686 19 37 0 134 112 134 -0.01385767
440 729 79 97 243 35 112 134 -0.014609701
351 701 19 37 0 139 124 83 -0.014697853
440 729 79 97 243 35 112 134 -0.014930249
65 701 69 189 135 139 131 83 -0.015124664
440 729 79 97 243 35 112 134 -0.015254003
351 686 19 37 0 239 124 83 -0.015647518
351 701 19 37 0 139 124 83 -0.015708616
351 686 19 37 135 139 131 83 -0.015809435
351 686 19 37 135 139 131 83 -0.015903672
258 445 146 288 55 134 26 135 -0.016148305
258 686 19 37 0 134 112 134 -0.016193999
258 445 79 97 243 134 112 134 -0.016226884
351 686 19 37 0 239 124 83 -0.01627714
351 686 19 37 0 239 124 83 -0.01638485
Mejor: 258 686 19 37 0 134 112 134 -0.013348668

-------------------------------------------------
GENERACIÓN 14
258 686 19 37 0 134 112 134 -0.013348668
258 686 19 37 0 134 112 134 -0.013795611
258 686 19 37 0 134 112 134 -0.01385767
440 729 79 97 243 35 112 134 -0.014609701
351 701 19 37 0 139 124 83 -0.014697853
440 729 79 97 243 35 112 134 -0.014930249
65 701 69 189 135 139 131 83 -0.015124664
440 729 79 97 243 35 112 134 -0.015254003
351 686 19 37 0 239 124 83 -0.015647518
351 701 19 37 0 139 124 83 -0.015708616
351 686 19 37 135 139 131 83 -0.015809435
351 686 19 37 135 139 131 83 -0.015903672
258 686 19 37 0 134 112 134 -0.016129054
258 445 146 288 55 134 26 135 -0.016148305
258 686 19 37 0 134 112 134 -0.016193999
258 445 79 97 243 134 112 134 -0.016226884
Mejor: 258 686 19 37 0 134 112 134 -0.013348668

-------------------------------------------------
GENERACIÓN 15
258 686 19 37 0 134 112 134 -0.013348668
258 686 19 37 0 134 112 134 -0.013795611
258 686 19 37 0 134 112 134 -0.01385767
440 729 79 97 243 35 112 134 -0.014609701
351 701 19 37 0 139 124 83 -0.014697853
440 729 79 97 243 35 112 134 -0.014930249
65 701 69 189 135 139 131 83 -0.015124664
440 729 79 97 243 35 112 134 -0.015254003
351 701 19 37 0 139 112 134 -0.015337399
351 686 19 37 0 239 124 83 -0.015647518
351 701 19 37 0 139 124 83 -0.015708616
351 686 19 37 135 139 131 83 -0.015809435
351 686 19 37 135 139 131 83 -0.015903672
258 686 19 37 0 134 112 134 -0.016129054
258 445 146 288 55 134 26 135 -0.016148305
258 686 19 37 0 134 112 134 -0.016193999
Mejor: 258 686 19 37 0 134 112 134 -0.013348668

-------------------------------------------------
GENERACIÓN 16
258 686 19 37 0 134 112 134 -0.013348668
258 686 19 37 0 134 112 134 -0.013795611
258 686 19 37 0 134 112 134 -0.01385767
440 729 79 97 243 35 112 134 -0.014609701
351 701 19 37 0 139 124 83 -0.014697853
440 729 79 97 243 35 112 134 -0.014930249
65 701 69 189 135 139 131 83 -0.015124664
351 686 19 37 0 139 124 134 -0.015177072
440 729 79 97 243 35 112 134 -0.015254003
351 701 19 37 0 139 112 134 -0.015337399
351 686 19 37 0 239 124 83 -0.015647518
351 701 19 37 0 139 124 83 -0.015708616
351 686 19 37 135 139 131 83 -0.015809435
351 686 19 37 135 139 131 83 -0.015903672
258 686 19 37 0 134 112 134 -0.016129054
258 445 146 288 55 134 26 135 -0.016148305
Mejor: 258 686 19 37 0 134 112 134 -0.013348668

-------------------------------------------------
GENERACIÓN 17
258 686 19 37 0 134 112 134 -0.013348668
258 686 19 37 0 134 112 134 -0.013795611
258 686 19 37 0 134 112 134 -0.01385767
258 686 19 37 0 134 112 134 -0.014298148
440 729 79 97 243 35 112 134 -0.014609701
351 701 19 37 0 139 124 83 -0.014697853
440 729 79 97 243 35 112 134 -0.014930249
65 701 69 189 135 139 131 83 -0.015124664
351 686 19 37 0 139 124 134 -0.015177072
440 729 79 97 243 35 112 134 -0.015254003
351 701 19 37 0 139 112 134 -0.015337399
351 686 19 37 0 239 124 83 -0.015647518
351 701 19 37 0 139 124 83 -0.015708616
351 686 19 37 135 139 131 83 -0.015809435
351 686 19 37 135 139 131 83 -0.015903672
258 686 19 37 0 134 112 134 -0.016129054
Mejor: 258 686 19 37 0 134 112 134 -0.013348668

-------------------------------------------------
GENERACIÓN 18
258 686 19 37 0 134 112 134 -0.013348668
258 686 19 37 0 134 112 134 -0.013795611
258 686 19 37 0 134 112 134 -0.01385767
258 686 19 37 0 134 112 134 -0.014298148
440 729 79 97 243 35 112 134 -0.014609701
351 701 19 37 0 139 124 83 -0.014697853
440 729 79 97 243 35 112 134 -0.014930249
65 701 69 189 135 139 131 83 -0.015124664
351 686 19 37 0 139 124 134 -0.015177072
440 729 79 97 243 35 112 134 -0.015254003
351 701 19 37 0 139 112 134 -0.015337399
351 686 19 37 0 239 124 83 -0.015647518
351 701 19 37 0 139 124 83 -0.015708616
351 686 19 37 135 139 131 83 -0.015809435
351 686 19 37 135 139 131 83 -0.015903672
258 686 19 37 0 134 112 134 -0.016129054
Mejor: 258 686 19 37 0 134 112 134 -0.013348668

-------------------------------------------------
GENERACIÓN 19
258 686 19 37 0 134 112 134 -0.013348668
258 686 19 37 0 134 112 134 -0.013795611
258 686 19 37 0 134 112 134 -0.01385767
258 686 19 37 0 134 112 134 -0.014298148
440 729 79 97 243 35 112 134 -0.014609701
351 701 19 37 0 139 124 83 -0.014697853
440 729 79 97 243 35 112 134 -0.014930249
258 686 19 37 0 134 112 134 -0.015023119
65 701 69 189 135 139 131 83 -0.015124664
351 686 19 37 0 139 124 134 -0.015177072
440 729 79 97 243 35 112 134 -0.015254003
351 701 19 37 0 139 112 134 -0.015337399
351 686 19 37 0 239 124 83 -0.015647518
351 701 19 37 0 139 124 83 -0.015708616
351 686 19 37 135 139 131 83 -0.015809435
351 686 19 37 135 139 131 83 -0.015903672
Mejor: 258 686 19 37 0 134 112 134 -0.013348668

-------------------------------------------------
GENERACIÓN 20
258 686 19 37 0 134 112 134 -0.013348668
258 686 19 37 0 134 112 134 -0.013795611
258 686 19 37 0 134 112 134 -0.01385767
258 686 19 37 0 134 112 134 -0.014298148
440 729 79 97 243 35 112 134 -0.014609701
351 701 19 37 0 139 124 83 -0.014697853
440 729 79 97 243 35 112 134 -0.014930249
258 686 19 37 0 134 112 134 -0.015023119
65 701 69 189 135 139 131 83 -0.015124664
351 686 19 37 0 139 124 134 -0.015177072
440 729 79 97 243 35 112 134 -0.015254003
351 701 19 37 0 139 112 134 -0.015337399
351 686 19 37 0 239 124 83 -0.015647518
258 686 19 37 0 134 112 134 -0.015684152
351 701 19 37 0 139 124 83 -0.015708616
351 686 19 37 135 139 131 83 -0.015809435
Mejor: 258 686 19 37 0 134 112 134 -0.013348668

-------------------------------------------------
GENERACIÓN 21
258 686 19 37 0 134 112 134 -0.013348668
258 686 19 37 0 134 112 134 -0.013765563
258 686 19 37 0 134 112 134 -0.013795611
258 686 19 37 0 134 112 134 -0.01385767
258 686 19 37 0 134 112 134 -0.014298148
440 729 79 97 243 35 112 134 -0.014609701
351 701 19 37 0 139 124 83 -0.014697853
440 729 79 97 243 35 112 134 -0.014930249
258 686 19 37 0 134 112 134 -0.015023119
65 701 69 189 135 139 131 83 -0.015124664
351 686 19 37 0 139 124 134 -0.015177072
440 729 79 97 243 35 112 134 -0.015254003
351 701 19 37 0 139 112 134 -0.015337399
351 686 19 37 0 239 124 83 -0.015647518
258 686 19 37 0 134 112 134 -0.015684152
351 701 19 37 0 139 124 83 -0.015708616
Mejor: 258 686 19 37 0 134 112 134 -0.013348668

-------------------------------------------------
GENERACIÓN 22
258 686 19 37 0 134 112 134 -0.013348668
258 686 19 37 0 134 112 134 -0.013765563
258 686 19 37 0 134 112 134 -0.013795611
258 686 19 37 0 134 112 134 -0.01385767
258 686 19 37 0 134 112 134 -0.014298148
440 729 79 97 243 35 112 134 -0.014609701
351 701 19 37 0 139 124 83 -0.014697853
440 729 79 97 243 35 112 134 -0.014930249
258 686 19 37 0 134 112 134 -0.015023119
65 701 69 189 135 139 131 83 -0.015124664
351 686 19 37 0 139 124 134 -0.015177072
440 729 79 97 243 35 112 134 -0.015254003
351 701 19 37 0 139 112 134 -0.015337399
351 686 19 37 0 239 124 83 -0.015647518
258 686 19 37 0 134 112 134 -0.015684152
351 701 19 37 0 139 124 83 -0.015708616
Mejor: 258 686 19 37 0 134 112 134 -0.013348668

-------------------------------------------------
GENERACIÓN 23
258 686 19 37 0 134 112 134 -0.013348668
258 686 19 37 0 134 112 134 -0.013765563
258 686 19 37 0 134 112 134 -0.013795611
258 686 19 37 0 134 112 134 -0.01385767
258 686 19 37 0 134 112 134 -0.014298148
440 729 79 97 243 35 112 134 -0.014609701
351 701 19 37 0 139 124 83 -0.014697853
440 729 79 97 243 35 112 134 -0.014930249
258 686 19 37 0 134 112 134 -0.015023119
65 701 69 189 135 139 131 83 -0.015124664
351 686 19 37 0 139 124 134 -0.015177072
440 729 79 97 243 35 112 134 -0.015254003
351 701 19 37 0 139 112 134 -0.015337399
351 686 19 37 0 239 124 83 -0.015647518
258 686 19 37 0 134 112 134 -0.015684152
351 701 19 37 0 139 124 83 -0.015708616
Mejor: 258 686 19 37 0 134 112 134 -0.013348668

-------------------------------------------------
GENERACIÓN 24
258 686 19 37 0 134 112 134 -0.013348668
258 686 19 37 0 134 112 134 -0.013765563
258 686 19 37 0 134 112 134 -0.013795611
258 686 19 37 0 134 112 134 -0.01385767
258 686 19 37 0 134 112 134 -0.014298148
440 729 79 97 243 35 112 134 -0.014609701
351 701 19 37 0 139 124 83 -0.014697853
351 686 19 37 0 134 124 83 -0.014895093
440 729 79 97 243 35 112 134 -0.014930249
258 686 19 37 0 134 112 134 -0.015023119
65 701 69 189 135 139 131 83 -0.015124664
351 686 19 37 0 139 124 134 -0.015177072
440 729 79 97 243 35 112 134 -0.015254003
351 701 19 37 0 139 112 134 -0.015337399
351 686 19 37 0 239 124 83 -0.015647518
258 686 19 37 0 134 112 134 -0.015684152
Mejor: 258 686 19 37 0 134 112 134 -0.013348668

-------------------------------------------------
GENERACIÓN 25
258 686 19 37 0 134 112 134 -0.013348668
258 686 19 37 0 134 112 134 -0.013765563
258 686 19 37 0 134 112 134 -0.013795611
258 686 19 37 0 134 112 134 -0.01385767
351 686 19 37 0 139 124 134 -0.0141020315
258 686 19 37 0 134 112 134 -0.014298148
440 729 79 97 243 35 112 134 -0.014609701
351 701 19 37 0 139 124 83 -0.014697853
351 686 19 37 0 134 124 83 -0.014895093
440 729 79 97 243 35 112 134 -0.014930249
258 686 19 37 0 134 112 134 -0.015023119
65 701 69 189 135 139 131 83 -0.015124664
351 686 19 37 0 139 124 134 -0.015177072
440 729 79 97 243 35 112 134 -0.015254003
351 701 19 37 0 139 112 134 -0.015337399
351 686 19 37 0 239 124 83 -0.015647518
Mejor: 258 686 19 37 0 134 112 134 -0.013348668

-------------------------------------------------
GENERACIÓN 26
258 686 19 37 0 134 112 134 -0.013348668
258 686 19 37 0 134 112 134 -0.013765563
258 686 19 37 0 134 112 134 -0.013795611
258 686 19 37 0 134 112 134 -0.01385767
351 686 19 37 0 139 124 134 -0.0141020315
258 686 19 37 0 134 112 134 -0.014298148
440 729 79 97 243 35 112 134 -0.014609701
351 701 19 37 0 139 124 83 -0.014697853
351 686 19 37 0 134 124 83 -0.014895093
440 729 79 97 243 35 112 134 -0.014930249
258 686 19 37 0 134 112 134 -0.015023119
65 701 69 189 135 139 131 83 -0.015124664
351 686 19 37 0 139 124 134 -0.015177072
440 729 79 97 243 35 112 134 -0.015254003
351 701 19 37 0 139 112 134 -0.015337399
351 686 19 37 0 239 124 83 -0.015647518
Mejor: 258 686 19 37 0 134 112 134 -0.013348668

-------------------------------------------------
GENERACIÓN 27
258 686 19 37 0 134 112 134 -0.013348668
258 686 19 37 0 134 112 134 -0.013765563
258 686 19 37 0 134 112 134 -0.013795611
258 686 19 37 0 134 112 134 -0.01385767
351 686 19 37 0 139 124 134 -0.0141020315
258 686 19 37 0 134 112 134 -0.014298148
440 729 79 97 243 35 112 134 -0.014609701
351 701 19 37 0 139 124 83 -0.014697853
351 686 19 37 0 134 124 83 -0.014895093
440 729 79 97 243 35 112 134 -0.014930249
258 686 19 37 0 134 112 134 -0.015023119
65 701 69 189 135 139 131 83 -0.015124664
351 686 19 37 0 139 124 134 -0.015177072
440 729 79 97 243 35 112 134 -0.015254003
351 701 19 37 0 139 112 134 -0.015337399
351 686 19 37 0 239 124 83 -0.015647518
Mejor: 258 686 19 37 0 134 112 134 -0.013348668

-------------------------------------------------
GENERACIÓN 28
258 686 19 37 0 134 112 134 -0.013348668
258 686 19 37 0 134 112 134 -0.013765563
258 686 19 37 0 134 112 134 -0.013795611
258 686 19 37 0 134 112 134 -0.01385767
351 686 19 37 0 139 124 134 -0.0141020315
258 686 19 37 0 134 112 134 -0.014298148
440 729 79 97 243 35 112 134 -0.014609701
351 701 19 37 0 139 124 83 -0.014697853
351 686 19 37 0 134 124 83 -0.014895093
440 729 79 97 243 35 112 134 -0.014930249
258 686 19 37 0 134 112 134 -0.015023119
65 701 69 189 135 139 131 83 -0.015124664
351 686 19 37 0 139 124 134 -0.015177072
440 729 79 97 243 35 112 134 -0.015254003
351 686 19 37 0 134 124 134 -0.015299164
351 701 19 37 0 139 112 134 -0.015337399
Mejor: 258 686 19 37 0 134 112 134 -0.013348668

-------------------------------------------------
GENERACIÓN 29
258 686 19 37 0 134 112 134 -0.013348668
258 686 19 37 0 134 112 134 -0.013765563
258 686 19 37 0 134 112 134 -0.013795611
258 686 19 37 0 134 112 134 -0.01385767
351 686 19 37 0 139 124 134 -0.0141020315
258 686 19 37 0 134 112 134 -0.014298148
440 729 79 97 243 35 112 134 -0.014609701
351 701 19 37 0 139 124 83 -0.014697853
351 686 19 37 0 134 124 83 -0.014895093
440 729 79 97 243 35 112 134 -0.014930249
258 686 19 37 0 134 112 134 -0.015023119
65 701 69 189 135 139 131 83 -0.015124664
351 686 19 37 0 139 124 134 -0.015177072
440 729 79 97 243 35 112 134 -0.015254003
351 686 19 37 0 134 124 134 -0.015299164
351 701 19 37 0 139 112 134 -0.015337399
Mejor: 258 686 19 37 0 134 112 134 -0.013348668

-------------------------------------------------
GENERACIÓN 30
258 686 19 37 0 134 112 134 -0.013348668
258 686 19 37 0 134 112 134 -0.013765563
258 686 19 37 0 134 112 134 -0.013795611
258 686 19 37 0 134 112 134 -0.01385767
351 686 19 37 0 139 124 134 -0.0141020315
258 686 19 37 0 134 112 134 -0.014298148
440 729 79 97 243 35 112 134 -0.014609701
351 701 19 37 0 139 124 83 -0.014697853
351 686 19 37 0 134 124 83 -0.014895093
440 729 79 97 243 35 112 134 -0.014930249
258 686 19 37 0 134 112 134 -0.015023119
65 701 69 189 135 139 131 83 -0.015124664
351 686 19 37 0 139 124 134 -0.015177072
440 729 79 97 243 35 112 134 -0.015254003
351 686 19 37 0 134 124 134 -0.015299164
351 701 19 37 0 139 112 134 -0.015337399
Mejor: 258 686 19 37 0 134 112 134 -0.013348668

-------------------------------------------------
