GENERACIÓN 0
94 391 279 182 39 113 66 39 0.008751438
497 519 82 209 168 278 17 225 0.0023487927
444 654 155 155 55 18 130 28 0.0010756038
166 930 96 9 240 189 108 244 -2.4978412E-4
202 417 297 50 238 265 171 135 -0.001501699
903 930 293 58 93 244 112 181 -0.0044182595
733 858 100 272 44 74 30 82 -0.0051795435
274 450 63 112 92 74 252 71 -0.0061760717
683 940 25 77 74 191 114 9 -0.0104277795
421 956 38 215 299 228 190 25 -0.010663564
701 849 202 135 81 92 159 41 -0.021163413
143 593 94 21 80 6 38 176 -0.03378873
729 750 116 293 74 6 227 15 -0.038238913
515 868 203 162 60 91 124 95 -0.04473388
60 129 166 35 66 197 258 117 -0.055561572
917 923 178 110 12 264 205 10 -0.110611595
Mejor: 94 391 279 182 39 113 66 39 0.008751438

-------------------------------------------------
GENERACIÓN 1
497 519 82 209 168 278 17 225 0.02578941
733 858 100 272 44 74 30 82 0.017420525
94 391 279 182 39 113 66 39 0.008751438
733 858 100 272 44 74 30 82 0.008214023
497 519 82 209 168 278 17 225 0.0023487927
444 654 155 155 55 18 130 28 0.0010756038
166 930 96 9 240 189 108 244 -2.4978412E-4
729 750 116 293 74 6 227 15 -3.7774458E-4
274 450 63 112 92 74 252 71 -6.746792E-4
202 417 297 50 238 265 171 135 -0.001501699
166 930 96 9 240 189 108 244 -0.0022301127
94 391 279 182 39 113 66 39 -0.0035839162
903 930 293 58 93 244 112 181 -0.0044182595
733 858 100 272 44 74 30 82 -0.0051795435
94 391 279 182 39 113 66 39 -0.0057179593
729 750 116 293 74 6 227 15 -0.0057916827
Mejor: 497 519 82 209 168 278 17 225 0.02578941

-------------------------------------------------
GENERACIÓN 2
94 391 279 182 39 113 66 39 0.069613606
497 519 82 209 44 74 17 225 0.050006855
497 519 82 209 168 278 17 225 0.02578941
733 858 100 272 44 74 30 82 0.022650411
733 858 100 272 44 74 30 82 0.017420525
94 391 279 182 39 113 66 39 0.008751438
733 858 100 272 44 74 30 82 0.008214023
733 858 100 272 168 278 30 82 0.0071490756
94 391 279 182 39 113 66 39 0.004837705
497 519 82 209 168 278 17 225 0.0023487927
166 930 82 209 240 278 108 225 0.0014167611
444 654 155 155 55 18 130 28 0.0010756038
166 930 96 9 240 189 108 244 -2.4978412E-4
729 750 116 293 74 6 227 15 -3.7774458E-4
274 450 63 112 92 74 252 71 -6.746792E-4
202 417 297 50 238 265 171 135 -0.001501699
Mejor: 94 391 279 182 39 113 66 39 0.069613606

-------------------------------------------------
GENERACIÓN 3
94 391 279 182 39 113 66 39 0.069613606
497 519 82 209 44 74 17 225 0.050006855
497 519 82 209 168 278 17 225 0.02578941
733 858 100 272 44 74 30 82 0.022650411
733 858 100 272 44 74 30 82 0.017420525
94 391 279 182 39 113 66 39 0.008751438
733 858 100 272 44 74 30 82 0.008214023
497 519 82 209 44 74 17 225 0.007839049
733 858 100 272 168 278 30 82 0.0071490756
733 858 100 272 44 74 30 82 0.0059247357
94 391 279 182 39 113 66 39 0.004837705
497 519 82 209 168 278 17 225 0.0023487927
166 930 82 209 240 278 108 225 0.0014167611
444 654 155 155 55 18 130 28 0.0010756038
166 930 96 9 240 189 108 244 -2.4978412E-4
729 750 116 293 74 6 227 15 -3.7774458E-4
Mejor: 94 391 279 182 39 113 66 39 0.069613606

-------------------------------------------------
GENERACIÓN 4
94 391 279 182 39 113 66 39 0.069613606
497 519 82 209 44 74 17 225 0.050006855
166 930 96 9 240 189 66 39 0.045665722
733 858 279 272 39 278 30 82 0.031418037
497 519 82 209 168 278 17 225 0.02578941
733 858 100 272 44 74 30 82 0.022650411
733 858 100 272 44 74 30 82 0.017420525
94 391 279 182 39 113 66 39 0.008751438
733 858 100 272 44 74 30 82 0.008214023
497 519 82 209 44 74 17 225 0.007839049
733 858 100 272 168 278 30 82 0.0071490756
733 858 100 272 44 74 30 82 0.0059247357
94 391 279 182 39 113 66 39 0.004837705
497 519 82 209 168 278 17 225 0.0023487927
166 930 82 209 240 278 108 225 0.0014167611
444 654 155 155 55 18 130 28 0.0010756038
Mejor: 94 391 279 182 39 113 66 39 0.069613606

-------------------------------------------------
GENERACIÓN 5
94 391 279 182 39 113 66 39 0.069613606
497 519 82 209 44 74 17 225 0.050006855
166 930 96 9 240 189 66 39 0.045665722
733 930 96 9 44 189 66 39 0.04064297
733 858 279 272 39 278 30 82 0.031418037
166 858 100 272 240 74 30 82 0.031259444
497 519 82 209 168 278 17 225 0.02578941
733 858 100 272 44 74 30 82 0.022650411
733 858 100 272 44 74 30 82 0.017420525
733 519 100 209 44 74 30 82 0.015377976
733 519 82 272 44 278 30 82 0.013781435
94 391 279 182 39 113 66 39 0.008751438
733 858 100 272 44 74 30 82 0.008214023
497 519 82 209 44 74 17 225 0.007839049
733 858 100 272 168 278 30 82 0.0071490756
733 858 100 272 44 74 30 82 0.0059247357
Mejor: 94 391 279 182 39 113 66 39 0.069613606

-------------------------------------------------
GENERACIÓN 6
94 391 279 182 39 113 66 39 0.069613606
497 519 82 209 44 74 17 225 0.050006855
166 930 96 9 240 189 66 39 0.045665722
733 930 96 9 44 189 66 39 0.04064297
733 858 279 272 39 278 30 82 0.031418037
166 858 100 272 240 74 30 82 0.031259444
94 391 279 182 39 113 66 39 0.030721707
497 519 82 209 168 278 17 225 0.02578941
733 858 100 272 44 74 30 82 0.022650411
733 858 100 272 44 74 30 82 0.017420525
733 519 100 209 44 74 30 82 0.015377976
733 519 82 272 44 278 30 82 0.013781435
94 391 96 9 240 113 66 39 0.0117159
94 391 279 182 39 113 66 39 0.008751438
733 858 100 272 44 74 30 82 0.008214023
497 519 82 209 44 74 17 225 0.007839049
Mejor: 94 391 279 182 39 113 66 39 0.069613606

-------------------------------------------------
GENERACIÓN 7
94 391 279 182 39 113 66 39 0.069613606
497 519 82 209 44 74 17 225 0.050006855
497 519 82 272 44 74 30 225 0.046563733
166 930 96 9 240 189 66 39 0.045665722
733 930 96 272 240 189 30 82 0.04277578
733 930 96 9 44 189 66 39 0.04064297
94 391 279 182 39 74 66 39 0.03430318
94 391 279 182 39 113 66 39 0.03351419
733 858 279 272 39 278 30 82 0.031418037
166 858 100 272 240 74 30 82 0.031259444
94 391 279 182 39 113 66 39 0.030721707
497 519 82 209 168 278 17 225 0.02578941
733 858 100 272 44 74 30 82 0.022650411
733 858 279 272 39 278 30 82 0.019450942
733 858 100 272 44 74 30 82 0.017420525
733 930 96 9 44 189 66 39 0.01679741
Mejor: 94 391 279 182 39 113 66 39 0.069613606

-------------------------------------------------
GENERACIÓN 8
94 391 279 182 39 113 66 39 0.069613606
497 519 82 209 44 74 17 225 0.050006855
497 519 82 272 44 74 30 225 0.046563733
166 930 96 9 240 189 66 39 0.045665722
733 930 96 272 240 189 30 82 0.04277578
733 930 96 9 44 189 66 39 0.04064297
94 391 279 182 39 74 66 39 0.03430318
94 391 279 182 39 113 66 39 0.03351419
733 858 279 272 39 278 30 82 0.031418037
166 858 100 272 240 74 30 82 0.031259444
94 391 279 182 39 113 66 39 0.030721707
497 519 82 209 168 278 17 225 0.02578941
166 930 82 272 240 189 30 225 0.025347881
733 858 100 272 44 74 30 82 0.022650411
733 858 279 272 39 278 30 82 0.019450942
166 930 96 9 240 189 66 39 0.018788852
Mejor: 94 391 279 182 39 113 66 39 0.069613606

-------------------------------------------------
GENERACIÓN 9
94 391 279 182 39 113 66 39 0.069613606
497 519 82 209 44 74 17 225 0.050006855
497 519 82 272 44 74 30 225 0.046563733
166 930 96 9 240 189 66 39 0.045665722
733 930 96 272 240 189 30 82 0.04277578
733 930 96 9 44 189 66 39 0.04064297
94 519 279 209 39 74 17 39 0.039655764
94 391 279 182 39 74 66 39 0.03430318
94 391 279 182 39 113 66 39 0.03351419
733 858 279 272 39 278 30 82 0.031418037
166 858 100 272 240 74 30 82 0.031259444
94 391 279 182 39 113 66 39 0.030721707
497 519 82 209 168 278 17 225 0.02578941
166 930 82 272 240 189 30 225 0.025347881
733 858 100 272 44 74 30 82 0.022650411
733 858 279 272 39 278 30 82 0.019450942
Mejor: 94 391 279 182 39 113 66 39 0.069613606

-------------------------------------------------
GENERACIÓN 10
94 391 279 182 39 113 66 39 0.069613606
94 519 279 209 39 74 17 39 0.06119452
497 519 82 209 44 74 17 225 0.050006855
497 519 82 272 44 74 30 225 0.046563733
166 930 96 9 240 189 66 39 0.045665722
733 930 96 272 240 189 30 82 0.04277578
733 930 96 9 44 189 66 39 0.04064297
733 930 96 272 44 189 30 82 0.039787337
94 519 279 209 39 74 17 39 0.039655764
94 391 279 182 39 74 66 39 0.03430318
94 391 279 182 39 113 66 39 0.03351419
733 858 279 272 39 278 30 82 0.031418037
166 858 100 272 240 74 30 82 0.031259444
94 391 279 182 39 113 66 39 0.030721707
497 519 82 209 168 278 17 225 0.02578941
166 930 82 272 240 189 30 225 0.025347881
Mejor: 94 391 279 182 39 113 66 39 0.069613606

-------------------------------------------------
GENERACIÓN 11
94 391 279 182 39 113 66 39 0.069613606
94 519 279 209 39 74 17 39 0.06119452
497 519 82 209 44 74 17 225 0.050006855
497 519 82 272 44 74 30 225 0.046563733
166 930 96 9 240 189 66 39 0.045665722
733 930 96 272 240 189 30 82 0.04277578
733 930 96 9 44 189 66 39 0.04064297
733 930 96 272 44 189 30 82 0.039787337
94 519 279 209 39 74 17 39 0.039655764
94 391 279 182 39 74 66 39 0.03430318
94 391 279 182 39 113 66 39 0.03351419
733 858 279 272 39 278 30 82 0.031418037
166 858 100 272 240 74 30 82 0.031259444
94 391 279 182 39 113 66 39 0.030721707
497 519 82 209 168 278 17 225 0.02578941
166 930 82 272 240 189 30 225 0.025347881
Mejor: 94 391 279 182 39 113 66 39 0.069613606

-------------------------------------------------
GENERACIÓN 12
94 391 279 182 39 113 66 39 0.069613606
94 519 279 209 39 74 17 39 0.06119452
497 519 82 209 44 74 17 225 0.050006855
497 519 82 272 44 74 30 225 0.046563733
166 930 96 9 240 189 66 39 0.045665722
733 930 96 272 240 189 30 82 0.04277578
733 930 96 9 44 189 66 39 0.04064297
733 930 96 272 44 189 30 82 0.039787337
94 519 279 209 39 74 17 39 0.039655764
94 391 279 182 39 74 66 39 0.03430318
94 391 279 182 39 113 66 39 0.03351419
733 858 279 272 39 278 30 82 0.031418037
166 858 100 272 240 74 30 82 0.031259444
94 391 279 182 39 113 66 39 0.030721707
94 519 279 209 39 74 17 39 0.028908662
497 519 82 209 168 278 17 225 0.02578941
Mejor: 94 391 279 182 39 113 66 39 0.069613606

-------------------------------------------------
GENERACIÓN 13
94 391 279 182 39 113 66 39 0.069613606
94 519 279 209 39 74 17 39 0.06119452
497 519 82 209 44 74 17 225 0.050006855
497 519 82 272 44 74 30 225 0.046563733
166 930 96 9 240 189 66 39 0.045665722
733 930 96 272 240 189 30 82 0.04277578
733 930 96 9 44 189 66 39 0.04064297
733 930 96 272 44 189 30 82 0.039787337
94 519 279 209 39 74 17 39 0.039655764
94 391 279 182 39 74 66 39 0.03430318
94 391 279 182 39 113 66 39 0.03351419
733 858 279 272 39 278 30 82 0.031418037
166 858 100 272 240 74 30 82 0.031259444
94 391 279 182 39 113 66 39 0.030721707
94 519 279 209 39 74 17 39 0.028908662
497 519 82 209 168 278 17 225 0.02578941
Mejor: 94 391 279 182 39 113 66 39 0.069613606

-------------------------------------------------
GENERACIÓN 14
94 391 279 182 39 113 66 39 0.069613606
94 519 279 209 39 74 17 39 0.06119452
497 519 82 209 44 74 17 225 0.05301046
497 519 82 209 44 74 17 225 0.050006855
497 519 82 272 44 74 30 225 0.046563733
166 930 96 9 240 189 66 39 0.045665722
733 930 96 272 240 189 30 82 0.04277578
733 930 96 9 44 189 66 39 0.04064297
733 930 96 272 44 189 30 82 0.039787337
94 519 279 209 39 74 17 39 0.039655764
94 391 279 182 39 74 66 39 0.03430318
94 391 279 182 39 113 66 39 0.03351419
733 858 279 272 39 278 30 82 0.031418037
166 858 100 272 240 74 30 82 0.031259444
94 391 279 182 39 113 66 39 0.030721707
94 519 279 209 39 74 17 39 0.028908662
Mejor: 94 391 279 182 39 113 66 39 0.069613606

-------------------------------------------------
GENERACIÓN 15
733 519 82 209 240 189 30 82 0.070392415
94 391 279 182 39 113 66 39 0.069613606
94 519 279 209 39 74 17 39 0.06119452
497 391 279 272 44 74 66 39 0.05583678
497 519 82 209 44 74 17 225 0.05301046
497 519 82 209 44 74 17 225 0.050006855
497 519 82 272 44 74 30 225 0.046563733
166 930 96 9 240 189 66 39 0.045665722
733 930 96 272 240 189 30 82 0.04277578
733 930 96 9 44 189 66 39 0.04064297
733 930 96 272 44 189 30 82 0.039787337
94 519 279 209 39 74 17 39 0.039655764
94 391 279 182 39 74 66 39 0.03430318
94 391 279 182 39 113 66 39 0.03351419
733 858 279 272 39 278 30 82 0.031418037
166 858 100 272 240 74 30 82 0.031259444
Mejor: 733 519 82 209 240 189 30 82 0.070392415

-------------------------------------------------
GENERACIÓN 16
733 519 82 209 240 189 30 82 0.070392415
94 391 279 182 39 113 66 39 0.069613606
94 519 279 209 39 74 17 39 0.06119452
497 391 279 272 44 74 66 39 0.05583678
497 519 82 209 44 74 17 225 0.05301046
497 519 82 209 44 74 17 225 0.050006855
497 519 82 272 44 74 30 225 0.046563733
166 930 96 9 240 189 66 39 0.045665722
733 930 96 272 240 189 30 82 0.04277578
733 930 96 9 44 189 66 39 0.04064297
733 930 96 272 44 189 30 82 0.039787337
94 519 279 209 39 74 17 39 0.039655764
94 391 279 182 39 74 66 39 0.03430318
94 391 279 182 39 113 66 39 0.03351419
733 858 279 272 39 278 30 82 0.031418037
166 858 100 272 240 74 30 82 0.031259444
Mejor: 733 519 82 209 240 189 30 82 0.070392415

-------------------------------------------------
GENERACIÓN 17
733 519 82 209 240 189 30 82 0.070392415
94 391 279 182 39 113 66 39 0.069613606
94 519 279 209 39 74 17 39 0.06119452
497 391 279 272 44 74 66 39 0.05583678
497 519 82 209 44 74 17 225 0.05301046
497 519 82 209 44 74 17 225 0.050006855
497 519 82 272 44 74 30 225 0.046563733
166 930 96 9 240 189 66 39 0.045665722
733 930 96 272 240 189 30 82 0.04277578
733 930 96 9 44 189 66 39 0.04064297
733 930 96 272 44 189 30 82 0.039787337
94 519 279 209 39 74 17 39 0.039655764
94 391 279 182 39 74 66 39 0.03430318
94 391 279 182 39 113 66 39 0.03351419
733 858 279 272 39 278 30 82 0.031418037
166 858 100 272 240 74 30 82 0.031259444
Mejor: 733 519 82 209 240 189 30 82 0.070392415

-------------------------------------------------
GENERACIÓN 18
733 519 82 209 240 189 30 82 0.070392415
94 391 279 182 39 113 66 39 0.069613606
94 519 279 209 39 74 17 39 0.06119452
497 391 279 272 44 74 66 39 0.05583678
497 519 82 209 44 74 17 225 0.05301046
497 519 82 209 44 74 17 225 0.050006855
497 519 82 272 44 74 30 225 0.046563733
166 930 96 9 240 189 66 39 0.045665722
733 930 96 272 240 189 30 82 0.04277578
733 930 96 9 44 189 66 39 0.04064297
733 930 96 272 44 189 30 82 0.039787337
94 519 279 209 39 74 17 39 0.039655764
94 391 279 182 39 74 66 39 0.03430318
94 391 279 182 39 113 66 39 0.03351419
733 858 279 272 39 278 30 82 0.031418037
166 858 100 272 240 74 30 82 0.031259444
Mejor: 733 519 82 209 240 189 30 82 0.070392415

-------------------------------------------------
GENERACIÓN 19
733 519 82 209 240 189 30 82 0.070392415
94 391 279 182 39 113 66 39 0.069613606
94 519 279 209 39 74 17 39 0.06119452
497 391 279 272 44 74 66 39 0.05583678
497 519 82 209 44 74 17 225 0.05301046
497 519 82 209 44 74 17 225 0.050006855
497 519 82 272 44 74 30 225 0.046563733
166 930 96 9 240 189 66 39 0.045665722
733 930 96 272 240 189 30 82 0.04277578
733 930 96 9 44 189 66 39 0.04064297
733 930 96 272 44 189 30 82 0.039787337
94 519 279 209 39 74 17 39 0.039655764
94 391 279 182 39 74 66 39 0.03430318
94 391 279 182 39 113 66 39 0.03351419
733 858 279 272 39 278 30 82 0.031418037
166 858 100 272 240 74 30 82 0.031259444
Mejor: 733 519 82 209 240 189 30 82 0.070392415

-------------------------------------------------
GENERACIÓN 20
733 519 82 209 240 189 30 82 0.070392415
94 391 279 182 39 113 66 39 0.069613606
94 519 279 209 39 74 17 39 0.06119452
497 391 279 272 44 74 66 39 0.05583678
497 519 82 209 44 74 17 225 0.05301046
497 519 82 209 44 74 17 225 0.050006855
497 519 82 272 44 74 30 225 0.046563733
166 930 96 9 240 189 66 39 0.045665722
733 930 96 272 240 189 30 82 0.04277578
733 930 96 9 44 189 66 39 0.04064297
733 930 96 272 44 189 30 82 0.039787337
94 519 279 209 39 74 17 39 0.039655764
94 391 279 182 39 74 66 39 0.03430318
94 391 279 182 39 113 66 39 0.03351419
733 858 279 272 39 278 30 82 0.031418037
166 858 100 272 240 74 30 82 0.031259444
Mejor: 733 519 82 209 240 189 30 82 0.070392415

-------------------------------------------------
GENERACIÓN 21
733 519 82 209 240 189 30 82 0.070392415
94 391 279 182 39 113 66 39 0.069613606
94 519 279 209 39 74 17 39 0.06119452
497 391 279 272 44 74 66 39 0.05583678
733 930 82 9 44 189 66 225 0.05329142
497 519 82 209 44 74 17 225 0.05301046
497 519 82 209 44 74 17 225 0.050006855
497 519 82 272 44 74 30 225 0.046563733
166 930 96 9 240 189 66 39 0.045665722
733 930 96 272 240 189 30 82 0.04277578
733 930 96 9 44 189 66 39 0.04064297
733 930 96 272 44 189 30 82 0.039787337
94 519 279 209 39 74 17 39 0.039655764
94 930 96 209 240 189 66 39 0.03790317
94 391 279 182 39 74 66 39 0.03430318
94 391 279 182 39 113 66 39 0.03351419
Mejor: 733 519 82 209 240 189 30 82 0.070392415

-------------------------------------------------
GENERACIÓN 22
733 519 82 209 240 189 30 82 0.070392415
94 391 279 182 39 113 66 39 0.069613606
94 519 279 209 39 74 17 39 0.06119452
497 391 279 272 44 74 66 39 0.05583678
733 930 82 9 44 189 66 225 0.05329142
497 519 82 209 44 74 17 225 0.05301046
497 519 82 209 44 74 17 225 0.050006855
497 519 82 272 44 74 30 225 0.046563733
166 930 96 9 240 189 66 39 0.045665722
733 930 96 272 240 189 30 82 0.04277578
733 930 96 9 44 189 66 39 0.04064297
733 930 96 272 44 189 30 82 0.039787337
94 519 279 209 39 74 17 39 0.039655764
94 930 96 209 240 189 66 39 0.03790317
94 391 279 182 39 74 66 39 0.03430318
94 391 279 182 39 113 66 39 0.03351419
Mejor: 733 519 82 209 240 189 30 82 0.070392415

-------------------------------------------------
GENERACIÓN 23
733 519 82 209 240 189 30 82 0.070392415
94 391 279 182 39 113 66 39 0.069613606
497 519 82 272 44 189 30 39 0.06793744
94 519 279 209 39 74 17 39 0.06119452
497 391 279 272 44 74 66 39 0.05583678
733 930 82 9 44 189 66 225 0.05329142
497 519 82 209 44 74 17 225 0.05301046
497 519 82 209 44 74 17 225 0.050006855
497 519 82 272 44 74 30 225 0.046563733
166 930 96 9 240 189 66 39 0.045665722
733 930 96 272 240 189 30 82 0.04277578
733 930 96 9 44 189 66 39 0.04064297
733 930 96 272 44 189 30 82 0.039787337
94 519 279 209 39 74 17 39 0.039655764
94 930 96 209 240 189 66 39 0.03790317
94 391 279 182 39 74 66 39 0.03430318
Mejor: 733 519 82 209 240 189 30 82 0.070392415

-------------------------------------------------
GENERACIÓN 24
733 519 82 209 240 189 30 82 0.070392415
94 391 279 182 39 113 66 39 0.069613606
497 519 82 272 44 189 30 39 0.06793744
94 519 279 209 39 74 17 39 0.06119452
497 391 279 272 44 74 66 39 0.05583678
733 930 82 9 44 189 66 225 0.05329142
497 519 82 209 44 74 17 225 0.05301046
497 519 82 209 44 74 17 225 0.050006855
497 519 82 272 44 74 30 225 0.046563733
166 930 96 9 240 189 66 39 0.045665722
733 930 96 272 240 189 30 82 0.04277578
733 930 96 9 44 189 66 39 0.04064297
733 930 96 272 44 189 30 82 0.039787337
94 519 279 209 39 74 17 39 0.039655764
94 930 96 209 240 189 66 39 0.03790317
94 391 279 182 39 74 66 39 0.03430318
Mejor: 733 519 82 209 240 189 30 82 0.070392415

-------------------------------------------------
GENERACIÓN 25
733 519 82 209 240 189 30 82 0.070392415
94 391 279 182 39 113 66 39 0.069613606
497 519 82 272 44 189 30 39 0.06793744
94 519 279 209 39 74 17 39 0.06119452
733 519 82 209 240 189 30 82 0.06066719
497 391 279 272 44 74 66 39 0.05583678
733 930 82 9 44 189 66 225 0.05329142
497 519 82 209 44 74 17 225 0.05301046
497 519 82 209 44 74 17 225 0.050006855
497 519 82 272 44 74 30 225 0.046563733
166 930 96 9 240 189 66 39 0.045665722
733 930 96 272 240 189 30 82 0.04277578
733 930 96 9 44 189 66 39 0.04064297
733 930 96 272 44 189 30 82 0.039787337
94 519 279 209 39 74 17 39 0.039655764
94 930 96 209 240 189 66 39 0.03790317
Mejor: 733 519 82 209 240 189 30 82 0.070392415

-------------------------------------------------
GENERACIÓN 26
733 519 82 209 240 189 30 82 0.070392415
94 391 279 182 39 113 66 39 0.069613606
497 519 82 272 44 189 30 39 0.06793744
94 519 279 209 39 74 17 39 0.06119452
733 519 82 209 240 189 30 82 0.06066719
497 391 279 272 44 74 66 39 0.05583678
733 930 82 9 44 189 66 225 0.05329142
497 519 82 209 44 74 17 225 0.05301046
497 519 82 209 44 74 17 225 0.050006855
497 519 82 272 44 74 30 225 0.046563733
166 930 96 9 240 189 66 39 0.045665722
733 930 96 272 240 189 30 82 0.04277578
733 930 96 9 44 189 66 39 0.04064297
733 930 96 272 44 189 30 82 0.039787337
94 519 279 209 39 74 17 39 0.039655764
94 930 96 209 240 189 66 39 0.03790317
Mejor: 733 519 82 209 240 189 30 82 0.070392415

-------------------------------------------------
GENERACIÓN 27
733 519 82 209 240 189 30 82 0.070392415
94 391 279 182 39 113 66 39 0.069613606
497 519 82 272 44 189 30 39 0.06793744
94 519 279 209 39 74 17 39 0.06119452
733 519 82 209 240 189 30 82 0.06066719
497 391 279 272 44 74 66 39 0.05583678
733 930 82 9 44 189 66 225 0.05329142
497 519 82 209 44 74 17 225 0.05301046
497 519 82 209 44 74 17 225 0.050006855
497 519 82 272 44 74 30 225 0.046563733
166 930 96 9 240 189 66 39 0.045665722
733 930 96 272 240 189 30 82 0.04277578
733 930 96 9 44 189 66 39 0.04064297
733 930 96 272 44 189 30 82 0.039787337
94 519 279 209 39 74 17 39 0.039655764
94 930 96 209 240 189 66 39 0.03790317
Mejor: 733 519 82 209 240 189 30 82 0.070392415

-------------------------------------------------
GENERACIÓN 28
733 519 82 209 240 189 30 82 0.070392415
94 391 279 182 39 113 66 39 0.069613606
497 519 82 272 44 189 30 39 0.06793744
94 519 279 209 39 74 17 39 0.06119452
733 519 82 209 240 189 30 82 0.06066719
497 391 279 272 44 74 66 39 0.05583678
733 930 82 9 44 189 66 225 0.05329142
497 519 82 209 44 74 17 225 0.05301046
497 519 82 209 44 74 17 225 0.050006855
497 519 82 272 44 74 30 225 0.046563733
166 930 96 9 240 189 66 39 0.045665722
733 930 96 272 240 189 30 82 0.04277578
733 930 96 9 44 189 66 39 0.04064297
733 930 96 272 44 189 30 82 0.039787337
94 519 279 209 39 74 17 39 0.039655764
94 930 96 209 240 189 66 39 0.03790317
Mejor: 733 519 82 209 240 189 30 82 0.070392415

-------------------------------------------------
GENERACIÓN 29
733 519 82 209 240 189 30 82 0.070392415
94 391 279 182 39 113 66 39 0.069613606
497 519 82 272 44 189 30 39 0.06793744
94 519 279 209 39 74 17 39 0.06119452
733 519 82 209 240 189 30 82 0.06066719
497 391 279 272 44 74 66 39 0.05583678
733 930 82 9 44 189 66 225 0.05329142
497 519 82 209 44 74 17 225 0.05301046
497 519 82 209 44 74 17 225 0.050006855
497 519 82 272 44 74 30 225 0.046563733
166 930 96 9 240 189 66 39 0.045665722
733 930 96 272 240 189 30 82 0.04277578
733 930 96 9 44 189 66 39 0.04064297
733 930 96 272 44 189 30 82 0.039787337
94 519 279 209 39 74 17 39 0.039655764
94 930 96 209 240 189 66 39 0.03790317
Mejor: 733 519 82 209 240 189 30 82 0.070392415

-------------------------------------------------
GENERACIÓN 30
733 519 82 209 240 189 30 82 0.070392415
94 391 279 182 39 113 66 39 0.069613606
497 519 82 272 44 189 30 39 0.06793744
94 519 279 209 39 74 17 39 0.06119452
733 519 82 209 240 189 30 82 0.06066719
497 391 279 272 44 74 66 39 0.05583678
733 930 82 9 44 189 66 225 0.05329142
497 519 82 209 44 74 17 225 0.05301046
497 519 82 209 44 74 17 225 0.050006855
497 519 82 272 44 74 30 225 0.046563733
166 930 96 9 240 189 66 39 0.045665722
733 930 96 272 240 189 30 82 0.04277578
733 930 96 9 44 189 66 39 0.04064297
733 930 96 272 44 189 30 82 0.039787337
94 519 279 209 39 74 17 39 0.039655764
94 930 96 209 240 189 66 39 0.03790317
Mejor: 733 519 82 209 240 189 30 82 0.070392415

-------------------------------------------------
