GENERACIÓN 0
601 699 196 87 135 220 125 173 -7922438.0
570 683 298 227 56 272 284 201 -9044997.0
595 777 264 199 256 251 96 286 -9277481.0
752 915 36 134 49 47 270 90 -9581713.0
388 929 164 244 73 278 183 271 -9794961.0
135 368 71 174 144 191 193 113 -1.0114569E7
661 925 113 206 37 7 293 57 -1.027122E7
2 817 31 14 36 131 243 130 -1.0294783E7
725 872 108 40 107 162 106 55 -1.0785689E7
163 644 97 79 32 69 220 296 -1.1029379E7
862 867 187 170 18 68 187 180 -1.1474035E7
876 889 188 198 129 54 268 92 -1.1505067E7
494 869 76 55 219 54 17 38 -1.1515416E7
323 358 93 231 202 75 112 120 -1.1527524E7
231 462 27 198 125 155 115 26 -1.1638165E7
709 922 8 61 115 240 276 199 -1.2032695E7
Mejor: 601 699 196 87 135 220 125 173 -7922438.0

-------------------------------------------------
GENERACIÓN 1
862 889 187 170 129 68 187 92 -6705240.5
494 869 76 55 219 54 17 38 -7415381.5
725 872 108 40 107 162 106 55 -8445314.0
2 817 31 206 37 131 293 130 -8773613.0
135 368 164 244 144 278 183 271 -9095598.0
231 462 27 198 125 155 115 26 -9571578.0
876 867 188 198 18 54 268 180 -1.0135231E7
595 777 264 199 256 251 96 286 -1.0434171E7
388 929 71 174 73 191 193 113 -1.0549029E7
163 644 97 79 32 69 220 296 -1.0588603E7
601 699 196 87 56 272 284 201 -1.0603271E7
752 915 36 134 49 47 270 90 -1.0682813E7
661 925 113 14 36 7 243 57 -1.0752167E7
709 922 8 61 115 240 276 199 -1.0771131E7
323 358 93 231 202 75 112 120 -1.2289605E7
570 683 298 227 135 220 125 173 -1.2315165E7
Mejor: 862 889 187 170 129 68 187 92 -6705240.5

-------------------------------------------------
GENERACIÓN 2
163 929 71 174 32 69 193 296 -7707575.5
661 925 113 14 36 7 243 57 -8473768.0
601 699 196 87 56 272 284 201 -8636636.0
231 462 27 198 125 155 115 26 -8675428.0
595 777 264 198 256 54 268 180 -8848795.0
494 889 76 170 129 54 17 92 -9044864.0
725 872 108 40 37 162 106 130 -9548289.0
709 922 8 61 115 240 276 199 -9728617.0
752 915 36 134 49 47 270 90 -9825354.0
135 368 164 244 144 278 183 271 -1.0021658E7
2 817 31 206 107 131 293 55 -1.0298311E7
876 867 188 199 18 251 96 286 -1.0655921E7
570 358 298 231 202 75 125 120 -1.0904679E7
323 683 93 227 135 220 112 173 -1.1498632E7
862 869 187 55 219 68 187 38 -1.1508181E7
388 644 97 79 73 191 220 113 -1.2075157E7
Mejor: 862 889 187 170 129 68 187 92 -6705240.5

-------------------------------------------------
GENERACIÓN 3
135 368 164 244 144 278 183 271 -7800182.5
231 462 27 198 125 155 115 26 -8104284.5
709 922 8 40 37 240 276 130 -8661940.0
2 817 31 206 107 131 293 55 -8685864.0
601 699 196 87 56 272 284 201 -9015489.0
388 869 187 79 219 191 187 38 -9036773.0
752 915 36 134 49 47 270 90 -9380705.0
876 867 188 199 18 251 96 286 -9408279.0
595 889 76 198 129 54 17 180 -9515884.0
862 644 97 55 73 68 220 113 -9822923.0
570 358 298 231 202 75 125 120 -1.0720142E7
494 777 264 170 256 54 268 92 -1.0845627E7
163 925 71 14 32 7 193 296 -1.1185552E7
661 929 113 174 36 69 243 57 -1.123824E7
323 683 93 227 135 220 112 173 -1.1263409E7
725 872 108 61 115 162 106 199 -1.1503972E7
Mejor: 862 889 187 170 129 68 187 92 -6705240.5

-------------------------------------------------
GENERACIÓN 4
601 699 196 87 56 272 284 201 -6108186.5
323 683 108 227 115 162 112 173 -6613592.0
709 922 8 40 37 240 276 130 -7546080.0
752 915 36 134 49 47 270 90 -8294217.5
876 867 188 199 18 251 96 286 -9331707.0
494 777 264 170 256 54 268 92 -9669842.0
725 872 93 61 135 220 106 199 -9962794.0
595 889 97 198 73 54 220 180 -1.0036211E7
388 869 187 79 219 191 187 38 -1.0058019E7
862 644 76 55 129 68 17 113 -1.0984601E7
661 925 113 14 32 69 243 296 -1.1015074E7
163 929 71 174 36 7 193 57 -1.1066454E7
2 817 31 206 107 131 293 55 -1.1073714E7
135 368 164 244 144 278 183 271 -1.1260588E7
570 358 298 231 202 75 125 120 -1.157824E7
231 462 27 198 125 155 115 26 -1.1906096E7
Mejor: 601 699 196 87 56 272 284 201 -6108186.5

-------------------------------------------------
GENERACIÓN 5
862 644 76 55 129 68 17 113 -7257716.0
601 683 196 227 56 272 112 201 -7855088.5
2 368 164 244 107 278 293 271 -8121181.5
163 929 71 174 36 69 193 57 -8612480.0
876 867 264 199 256 54 268 286 -9371744.0
595 889 97 198 73 54 220 180 -9558780.0
135 817 31 206 144 131 183 55 -9650937.0
570 462 27 231 202 75 125 120 -9809384.0
661 925 113 14 32 7 243 296 -1.0064701E7
231 358 298 198 125 155 115 26 -1.0220644E7
725 872 93 61 135 220 106 199 -1.0557574E7
388 869 187 79 219 191 187 38 -1.0720245E7
709 922 8 40 37 240 276 130 -1.1017369E7
323 699 108 87 115 162 284 173 -1.1142813E7
494 777 188 170 18 251 96 92 -1.1218517E7
752 915 36 134 49 47 270 90 -1.2063815E7
Mejor: 601 699 196 87 56 272 284 201 -6108186.5

-------------------------------------------------
GENERACIÓN 6
323 699 108 87 115 162 284 173 -7210695.5
661 358 113 198 125 155 115 26 -8055044.0
876 889 264 198 73 54 220 180 -8489156.0
709 922 8 40 37 240 276 130 -8796444.0
135 462 31 206 202 131 125 120 -1.0288112E7
862 683 76 227 129 68 112 201 -1.0363299E7
570 817 27 231 144 75 183 55 -1.0481755E7
163 929 71 174 36 69 193 57 -1.051639E7
494 777 188 170 18 251 96 92 -1.0639409E7
601 644 196 55 56 272 17 113 -1.0848565E7
595 867 97 199 256 54 268 286 -1.0960425E7
231 925 298 14 32 7 243 296 -1.0988909E7
2 368 164 244 107 278 293 271 -1.1258397E7
725 872 93 61 135 220 106 199 -1.1309448E7
752 915 36 134 49 47 270 90 -1.1341016E7
388 869 187 79 219 191 187 38 -1.1710829E7
Mejor: 601 699 196 87 56 272 284 201 -6108186.5

-------------------------------------------------
GENERACIÓN 7
570 817 27 231 144 75 183 55 -5462020.0
661 358 113 87 125 155 284 173 -5593082.5
494 777 196 170 56 272 96 92 -8084522.0
388 869 36 79 219 47 270 38 -8420053.0
595 867 298 14 32 7 268 286 -8799415.0
725 872 93 244 107 278 293 199 -8989301.0
601 644 188 55 18 251 17 113 -9049415.0
231 925 97 199 256 54 243 296 -9181625.0
709 922 264 198 73 54 220 180 -9407191.0
163 929 71 174 36 69 193 57 -9504058.0
862 683 76 206 202 131 125 201 -1.0292309E7
2 368 164 61 135 220 106 271 -1.0681359E7
323 699 108 198 115 162 115 26 -1.0791939E7
876 889 8 40 37 240 276 130 -1.0842435E7
135 462 31 227 129 68 112 120 -1.0962547E7
752 915 187 134 49 191 187 90 -1.0986577E7
Mejor: 570 817 27 231 144 75 183 55 -5462020.0

-------------------------------------------------
GENERACIÓN 8
876 889 8 40 37 240 276 130 -6902623.5
661 358 113 87 125 155 284 173 -7581438.5
323 699 108 198 115 162 115 26 -7639310.5
570 817 27 231 144 75 183 55 -8640255.0
601 644 188 55 18 251 17 113 -8649395.0
725 872 93 244 107 278 268 199 -8835883.0
752 915 187 134 129 191 112 90 -8966537.0
231 925 97 199 256 54 243 296 -9281227.0
494 777 196 170 56 272 96 92 -9343405.0
388 869 36 79 219 47 270 38 -9408525.0
595 867 298 14 32 7 293 286 -1.0361481E7
135 462 31 227 49 68 187 120 -1.1072032E7
163 929 264 198 73 69 220 180 -1.1844373E7
2 368 164 61 202 131 125 201 -1.1982641E7
862 683 76 206 135 220 106 271 -1.2127595E7
709 922 71 174 36 54 193 57 -1.2162395E7
Mejor: 570 817 27 231 144 75 183 55 -5462020.0

-------------------------------------------------
GENERACIÓN 9
709 922 71 174 36 54 193 57 -8049126.5
231 925 97 199 256 54 243 296 -8507897.0
388 777 36 170 56 272 270 38 -8693273.0
135 462 298 14 32 7 187 286 -9305460.0
725 872 188 244 107 251 17 113 -9445875.0
752 915 187 134 129 191 112 90 -9735119.0
601 644 93 55 18 278 268 199 -9908672.0
2 368 164 198 202 131 220 180 -1.0428048E7
163 929 264 61 73 69 125 201 -1.0704993E7
494 869 196 79 219 47 96 92 -1.0717132E7
595 867 31 227 49 68 293 120 -1.0722117E7
323 699 108 231 115 75 115 26 -1.0843011E7
570 817 27 198 144 162 183 55 -1.1200651E7
876 889 8 40 37 240 276 130 -1.1561565E7
661 358 113 87 125 155 284 173 -1.2104523E7
862 683 76 206 135 220 106 271 -1.2264079E7
Mejor: 570 817 27 231 144 75 183 55 -5462020.0

-------------------------------------------------
GENERACIÓN 10
231 922 97 199 256 54 243 57 -6948960.0
876 889 27 198 37 240 276 55 -7663226.5
601 644 93 55 202 131 268 199 -8933833.0
494 869 264 61 219 47 96 201 -9177283.0
388 777 36 170 56 272 270 38 -9780683.0
2 368 164 198 18 278 220 180 -9935621.0
135 462 298 14 32 7 187 286 -1.0123173E7
752 915 187 134 129 191 112 90 -1.0247777E7
725 872 188 244 107 251 17 113 -1.0488301E7
661 358 113 87 125 155 284 173 -1.0497339E7
163 929 196 79 73 69 125 92 -1.0597112E7
709 925 71 174 36 54 193 296 -1.0615661E7
595 699 31 227 115 75 293 120 -1.0883185E7
323 867 108 231 49 68 115 26 -1.1297792E7
570 817 8 40 144 162 183 130 -1.1410843E7
862 683 76 206 135 220 106 271 -1.1480491E7
Mejor: 570 817 27 231 144 75 183 55 -5462020.0

-------------------------------------------------
GENERACIÓN 11
570 817 8 40 144 162 183 130 -6031076.5
231 922 97 199 256 54 243 57 -7302798.5
595 867 108 231 49 68 293 120 -8704321.0
725 872 188 244 107 251 17 113 -8910704.0
388 777 164 170 56 278 220 180 -9172515.0
323 699 31 227 115 75 115 26 -9473946.0
661 358 113 87 125 155 284 173 -9778312.0
601 644 264 55 219 47 96 201 -9871877.0
494 869 93 61 202 131 268 199 -9912993.0
876 889 27 198 37 240 276 55 -1.0151598E7
709 925 71 174 36 54 193 296 -1.0203363E7
2 368 36 198 18 272 270 38 -1.0341897E7
135 462 187 14 129 191 112 286 -1.0821159E7
752 915 298 134 32 7 187 90 -1.0990587E7
862 683 76 206 135 220 106 271 -1.1810835E7
163 929 196 79 73 69 125 92 -1.2295448E7
Mejor: 570 817 27 231 144 75 183 55 -5462020.0

-------------------------------------------------
GENERACIÓN 12
388 777 164 170 56 278 220 180 -5355097.5
135 915 187 14 32 191 187 286 -8082246.5
876 869 27 61 202 131 276 55 -8189072.5
752 462 298 134 129 7 112 90 -8423839.0
661 358 113 87 125 155 284 173 -8548159.0
709 925 71 174 36 54 193 296 -8576384.0
862 929 76 79 135 220 125 271 -8676308.0
163 683 196 206 73 69 106 92 -8724289.0
725 872 188 244 107 68 293 120 -9020173.0
595 867 108 231 49 251 17 113 -9188884.0
2 368 36 198 18 272 270 38 -9288237.0
601 644 264 55 219 47 96 201 -1.0034025E7
494 889 93 198 37 240 268 199 -1.027166E7
570 817 8 40 144 162 183 130 -1.0396293E7
323 699 31 227 115 75 115 26 -1.1581656E7
231 922 97 199 256 54 243 57 -1.1679245E7
Mejor: 388 777 164 170 56 278 220 180 -5355097.5

-------------------------------------------------
GENERACIÓN 13
231 699 31 199 115 75 243 26 -5828941.5
323 922 97 227 256 54 115 57 -6472568.0
725 867 188 231 49 251 293 120 -6906069.5
135 915 164 170 32 278 220 180 -6973956.0
2 644 264 198 18 47 270 38 -7253118.5
752 869 27 61 129 131 112 55 -8211352.0
388 777 187 14 56 191 187 286 -9145752.0
862 929 76 79 135 220 125 271 -9290959.0
601 368 36 55 219 272 96 201 -9441453.0
595 872 108 244 107 68 17 113 -9569512.0
570 817 93 198 37 162 268 130 -9675075.0
494 889 8 40 144 240 183 199 -9718447.0
163 683 196 206 73 69 106 92 -1.0398847E7
709 925 71 174 125 155 193 296 -1.0640841E7
661 358 113 87 36 54 284 173 -1.1057056E7
876 462 298 134 202 7 276 90 -1.1290971E7
Mejor: 388 777 164 170 56 278 220 180 -5355097.5

-------------------------------------------------
GENERACIÓN 14
862 929 76 79 135 220 125 271 -7015539.5
601 368 108 55 219 68 17 113 -7604968.0
494 889 8 40 144 240 183 199 -8267880.0
661 358 113 87 36 54 284 173 -8499808.0
2 869 264 198 18 131 270 55 -8767275.0
876 462 298 134 202 7 276 90 -8813961.0
231 699 31 199 115 75 243 26 -9922842.0
323 922 97 227 256 54 115 57 -1.0206645E7
595 872 36 244 107 272 96 201 -1.0331163E7
570 817 93 198 37 162 268 130 -1.0377841E7
725 867 188 231 49 251 293 120 -1.0411929E7
135 915 164 170 32 278 220 180 -1.045476E7
388 777 187 14 56 191 187 286 -1.0553479E7
752 644 27 61 129 47 112 38 -1.1965552E7
163 683 196 206 73 69 106 92 -1.2061725E7
709 925 71 174 125 155 193 296 -1.2389167E7
Mejor: 388 777 164 170 56 278 220 180 -5355097.5

-------------------------------------------------
GENERACIÓN 15
2 869 264 198 18 131 270 55 -3726971.2
862 929 76 55 135 220 125 113 -6943582.5
388 777 187 14 56 191 187 286 -7079844.0
323 922 97 227 256 54 115 57 -8234284.0
709 925 71 174 125 155 193 296 -8303530.5
570 817 93 198 37 162 268 130 -8868563.0
752 644 27 61 129 47 112 38 -9339479.0
494 358 8 40 144 54 183 199 -9705411.0
601 368 108 79 219 68 17 271 -1.0207165E7
661 889 113 87 36 240 284 173 -1.0436744E7
163 683 196 206 73 69 106 92 -1.0481969E7
595 872 36 244 107 272 96 201 -1.0509118E7
135 915 164 170 32 278 220 180 -1.1037743E7
876 462 298 134 202 7 276 90 -1.1043677E7
725 867 188 231 49 251 293 120 -1.1455345E7
231 699 31 199 115 75 243 26 -1.1507211E7
Mejor: 2 869 264 198 18 131 270 55 -3726971.2

-------------------------------------------------
GENERACIÓN 16
163 683 196 206 73 69 106 92 -5838880.0
570 925 71 174 37 162 193 130 -7105069.5
752 644 27 61 129 54 112 199 -7248088.0
876 462 298 134 32 278 220 180 -8011980.0
862 929 76 55 135 220 125 113 -8494007.0
388 777 187 14 56 191 187 286 -8991499.0
725 699 188 231 115 251 293 26 -9034103.0
601 368 108 79 219 68 17 271 -9399834.0
231 867 31 199 49 75 243 120 -9450339.0
494 358 8 40 144 47 183 38 -9452368.0
135 915 164 170 202 7 276 90 -9616328.0
661 889 113 87 36 240 284 173 -1.0324725E7
709 817 93 198 125 155 268 296 -1.05687E7
595 872 36 244 107 272 96 201 -1.0621045E7
323 922 97 227 256 54 115 57 -1.0924491E7
2 869 264 198 18 131 270 55 -1.1314613E7
Mejor: 2 869 264 198 18 131 270 55 -3726971.2

-------------------------------------------------
GENERACIÓN 17
323 922 97 227 256 54 115 57 -6533896.0
709 817 93 198 125 155 268 296 -6852424.0
862 777 187 55 56 191 187 286 -6974321.5
661 889 113 87 36 240 284 173 -7507772.0
752 462 298 134 129 278 220 199 -8449773.0
388 929 76 14 135 220 125 113 -8767092.0
570 925 196 174 73 69 193 130 -9732844.0
2 869 264 198 18 131 270 55 -9746735.0
231 867 31 199 144 75 243 120 -9805919.0
494 358 8 40 49 47 183 38 -9806649.0
876 644 27 61 32 54 112 180 -9811824.0
135 915 164 170 202 7 276 90 -9923352.0
163 683 71 206 37 162 106 92 -1.0905531E7
725 699 108 79 115 251 17 271 -1.1355664E7
595 872 36 244 107 272 96 201 -1.1765005E7
601 368 188 231 219 68 293 26 -1.2466745E7
Mejor: 2 869 264 198 18 131 270 55 -3726971.2

-------------------------------------------------
GENERACIÓN 18
163 699 71 206 37 251 106 271 -8149045.5
570 925 264 174 18 69 193 55 -8485964.0
494 358 8 40 49 47 183 38 -8597747.0
2 869 196 198 73 131 270 130 -8630040.0
323 817 93 198 256 54 268 57 -8794892.0
862 777 187 87 36 240 284 286 -9092336.0
601 872 188 244 107 272 96 201 -9260188.0
231 867 31 199 144 75 243 120 -9264852.0
709 922 97 227 125 155 115 296 -9410936.0
595 368 36 231 219 68 293 26 -9615005.0
725 683 108 79 115 162 17 92 -1.0345513E7
135 644 164 61 32 7 112 90 -1.0380941E7
388 462 298 134 129 278 125 199 -1.1033632E7
752 929 76 14 135 220 220 113 -1.1070341E7
876 915 27 170 202 54 276 180 -1.1311951E7
661 889 113 55 56 191 187 173 -1.1485364E7
Mejor: 2 869 264 198 18 131 270 55 -3726971.2

-------------------------------------------------
GENERACIÓN 19
752 462 76 14 129 278 220 199 -7093005.5
231 867 31 199 144 75 243 120 -8250744.5
494 358 8 40 49 47 183 38 -8671629.0
595 368 36 231 219 68 293 26 -8813977.0
135 644 164 61 32 7 112 90 -8947855.0
876 915 27 170 202 54 276 180 -9082599.0
570 925 264 174 18 69 193 55 -9092239.0
661 889 113 55 56 191 187 173 -9175015.0
388 929 298 134 135 220 125 113 -9605909.0
323 817 187 87 256 54 268 286 -9638617.0
601 872 188 244 107 272 96 201 -1.0135445E7
163 699 71 206 37 251 106 271 -1.0445336E7
725 683 108 79 115 162 17 92 -1.0509345E7
2 869 196 198 73 131 270 130 -1.1015828E7
709 922 97 227 125 155 115 296 -1.1391376E7
862 777 93 198 36 240 284 57 -1.1547516E7
Mejor: 2 869 264 198 18 131 270 55 -3726971.2

-------------------------------------------------
GENERACIÓN 20
661 889 113 55 56 191 193 55 -7048236.0
752 462 76 14 129 75 220 120 -7671572.5
595 368 36 231 219 68 293 26 -7760013.5
570 925 264 174 18 69 187 173 -8434319.0
709 922 97 227 125 155 115 296 -8925533.0
494 358 8 40 49 47 183 38 -8953273.0
388 929 298 134 135 220 125 113 -9011830.0
601 872 71 206 107 251 106 201 -9376708.0
876 915 27 170 202 54 276 180 -9660234.0
862 777 93 198 36 240 284 57 -1.0185059E7
323 817 187 87 256 54 268 286 -1.0212298E7
163 699 188 244 37 272 96 271 -1.0221983E7
725 683 108 79 115 162 17 92 -1.0576676E7
135 644 164 61 32 7 112 90 -1.1505544E7
231 867 31 199 144 278 243 199 -1.1559725E7
2 869 196 198 73 131 270 130 -1.2150653E7
Mejor: 2 869 264 198 18 131 270 55 -3726971.2

-------------------------------------------------
