GENERACIÓN 0
32 685 179 80 17 130 298 210 0.38866672
129 855 155 268 258 87 103 57 0.35133335
442 567 229 166 173 33 154 134 0.30200005
713 882 172 295 252 37 33 284 0.27666667
672 836 168 17 70 51 119 30 0.194
908 953 72 118 280 212 268 107 0.16666667
624 820 42 107 83 210 142 269 0.16000001
396 951 11 216 178 13 216 264 0.136
632 950 113 13 218 259 40 70 0.13133334
659 877 217 255 274 117 152 13 0.12533334
548 722 267 216 42 87 124 147 0.119333334
586 774 125 223 156 112 130 104 0.078666665
395 804 288 70 150 178 287 122 0.06866667
806 851 279 125 65 218 170 104 0.058000002
356 677 143 105 237 229 275 77 0.0066666654
80 512 281 72 170 33 13 178 -0.088666655

-------------------------------------------------
GENERACIÓN 1
32 685 179 80 17 130 298 210 0.38866672
129 855 155 268 258 87 103 57 0.35133335
442 882 229 166 173 37 154 284 0.32799998
466 872 236 68 163 285 236 158 0.284
713 882 172 295 252 37 33 284 0.27666667
908 953 168 118 280 41 268 30 0.22266667
476 763 160 127 193 224 11 268 0.20466667
672 836 72 17 70 51 119 107 0.20133333
636 870 159 208 84 37 129 258 0.18066669
396 951 11 216 214 210 216 264 0.16733335
411 547 174 147 60 49 37 61 0.15066667
624 820 42 107 83 13 142 269 0.13933332
870 913 132 7 27 89 106 84 0.056666672
744 761 221 20 192 213 221 159 0.034
875 875 221 229 107 120 147 298 0.029333329
836 898 76 29 235 66 234 117 -0.022

-------------------------------------------------
GENERACIÓN 2
32 685 179 80 17 130 298 210 0.38866672
129 855 155 268 258 87 103 57 0.35133335
442 882 229 166 173 37 154 284 0.32799998
466 872 236 68 163 285 236 158 0.284
713 882 172 295 252 37 33 284 0.27666667
713 882 172 295 252 37 268 30 0.25000003
672 763 72 127 70 224 119 107 0.24800001
476 763 160 127 193 224 11 268 0.20466667
236 265 17 262 84 218 269 265 0.18733335
68 677 136 98 66 287 189 90 0.17800002
958 959 161 206 114 155 9 196 0.17066668
279 939 83 153 227 170 82 217 0.12000001
98 902 113 31 97 175 236 230 0.09533334
822 954 38 166 263 64 273 156 0.092
17 336 253 293 258 119 55 279 0.085333325
703 912 224 247 143 156 149 268 0.029333336

-------------------------------------------------
GENERACIÓN 3
32 685 179 80 17 130 298 210 0.38866672
129 855 155 268 258 87 103 57 0.35133335
47 531 282 97 9 174 198 56 0.34266666
442 882 229 166 173 37 154 284 0.32799998
466 872 236 68 163 285 236 158 0.284
182 350 299 105 147 229 11 84 0.25800002
713 882 172 295 252 37 268 30 0.25266668
713 882 172 295 252 37 268 30 0.25000003
672 763 72 127 70 224 119 107 0.24800001
476 763 160 127 193 224 11 268 0.20466667
245 637 277 212 250 105 175 197 0.18466668
774 883 291 27 266 264 22 289 0.11666667
291 644 42 130 111 261 260 13 0.10533335
228 957 131 72 59 163 231 145 0.10333333
672 781 90 271 295 159 231 263 -0.041333336
547 777 78 112 264 15 246 228 -0.108666666

-------------------------------------------------
GENERACIÓN 4
32 685 179 80 17 130 298 210 0.38866672
690 920 25 20 112 225 56 187 0.37933335
129 855 155 268 258 87 103 57 0.35133335
47 531 282 97 9 174 198 56 0.34266666
930 959 104 203 32 47 65 115 0.34066668
756 797 136 63 208 269 186 175 0.32800004
442 882 229 166 173 37 154 284 0.32799998
466 872 236 68 163 285 236 158 0.284
415 650 240 240 229 47 47 174 0.25866666
182 350 299 105 147 229 11 84 0.25800002
713 882 172 295 252 37 268 30 0.25266668
713 882 172 295 252 37 268 30 0.25000003
948 958 167 235 66 261 147 167 0.22466667
16 172 28 131 153 169 56 215 0.19466668
177 713 131 11 121 291 34 45 0.18733335
19 314 56 282 73 254 217 193 0.079333335

-------------------------------------------------
GENERACIÓN 5
32 685 179 80 17 130 298 210 0.38866672
690 920 25 20 112 225 56 187 0.37933335
129 855 155 268 258 87 103 57 0.35133335
47 531 282 97 9 174 198 56 0.34266666
930 959 104 203 32 47 65 115 0.34066668
756 797 136 63 208 269 186 175 0.32800004
442 882 229 166 173 37 154 284 0.32799998
239 734 185 154 159 278 227 259 0.294
442 882 236 68 163 37 236 158 0.28666666
780 836 170 130 218 288 239 65 0.254
298 351 64 31 17 103 150 92 0.2066667
131 642 252 179 77 297 109 287 0.164
857 859 126 143 235 130 209 282 0.15400001
134 934 106 113 157 261 230 99 0.116666675
731 748 40 277 221 42 90 15 0.108666696
826 894 92 205 169 201 124 196 0.067999996

-------------------------------------------------
GENERACIÓN 6
32 685 179 80 17 130 298 210 0.38866672
690 920 25 20 112 225 56 187 0.37933335
129 855 155 268 258 87 103 57 0.35133335
47 531 282 97 9 174 198 56 0.34266666
930 959 104 203 32 47 65 115 0.34066668
756 797 136 63 208 269 186 175 0.32800004
442 882 229 166 173 37 154 284 0.32799998
239 734 185 154 159 278 227 259 0.294
237 272 174 226 132 77 38 271 0.25866666
640 692 63 185 297 84 46 140 0.24800001
719 950 28 48 64 89 183 289 0.21333335
301 347 67 63 31 288 201 78 0.21000002
698 754 28 281 29 271 183 280 0.13800001
596 687 240 236 134 189 265 284 0.08066667
434 549 267 17 177 264 147 280 0.07733333
304 833 7 137 62 100 290 179 0.064

-------------------------------------------------
GENERACIÓN 7
32 685 179 80 17 130 298 210 0.38866672
690 920 25 20 112 225 56 187 0.37933335
129 855 155 268 258 87 103 57 0.35133335
47 531 282 97 9 174 198 56 0.34266666
930 959 104 203 32 47 65 115 0.34066668
756 797 136 63 208 269 186 175 0.32800004
442 882 229 166 173 37 154 284 0.32799998
239 734 185 154 159 278 227 259 0.294
928 932 210 146 132 154 117 22 0.25066665
823 917 201 294 147 267 18 245 0.16866668
115 760 73 95 86 285 112 219 0.13866667
350 368 158 187 190 271 211 58 0.11333334
569 769 150 161 224 108 187 41 0.063333325
564 916 103 112 271 105 77 213 -0.012000005
20 739 20 251 133 153 258 4 -0.026666677
809 826 276 37 228 185 97 195 -0.029333338

-------------------------------------------------
GENERACIÓN 8
32 685 179 80 17 130 298 210 0.38866672
690 920 25 20 112 225 56 187 0.37933335
129 855 155 268 258 87 103 57 0.35133335
47 531 282 97 9 174 198 56 0.34266666
930 959 104 203 32 47 65 115 0.34066668
756 797 136 63 208 269 186 175 0.32800004
442 882 229 166 173 37 154 284 0.32799998
459 842 28 285 189 176 73 245 0.30933332
239 734 185 154 159 278 227 259 0.294
369 809 282 237 265 59 182 95 0.21133333
126 260 244 236 103 247 11 156 0.19466668
269 781 22 111 228 252 133 51 0.19199999
345 585 191 122 208 219 178 62 0.184
96 576 299 244 223 193 82 123 0.090666674
876 882 94 111 100 102 4 29 0.014000003
197 652 158 61 14 221 53 244 -0.026000008

-------------------------------------------------
GENERACIÓN 9
32 685 179 80 17 130 298 210 0.38866672
690 920 25 20 112 225 56 187 0.37933335
129 855 155 268 258 87 103 57 0.35133335
47 531 282 97 9 174 198 56 0.34266666
930 959 104 203 32 47 65 115 0.34066668
756 797 136 63 208 269 186 175 0.32800004
442 882 229 166 173 37 154 284 0.32799998
459 842 28 285 189 176 73 245 0.30933332
792 899 27 239 37 13 260 133 0.2486667
197 913 38 87 181 277 153 47 0.22000001
867 942 236 83 53 20 44 160 0.21600002
239 630 253 226 190 229 120 185 0.128
706 930 112 108 47 64 106 205 0.10866668
930 950 209 64 28 246 138 67 0.08866667
508 784 97 74 2 230 159 15 0.05933334
926 941 27 137 258 252 167 282 -0.06733333

-------------------------------------------------
GENERACIÓN 10
32 685 179 80 17 130 298 210 0.38866672
208 797 104 203 32 47 65 175 0.38333333
690 920 25 20 112 225 56 187 0.37933335
129 855 155 268 258 87 103 57 0.35133335
47 531 282 97 9 174 198 56 0.34266666
503 857 194 79 214 103 7 298 0.34266666
756 797 136 63 208 269 186 175 0.32800004
442 882 229 166 173 37 154 284 0.32799998
459 842 28 285 189 176 73 245 0.30933332
408 577 15 195 35 217 71 100 0.28666666
616 626 233 0 292 265 9 1 0.1786667
31 530 295 50 294 110 171 191 0.16933334
240 458 283 109 146 11 159 169 0.10466667
509 639 26 298 255 200 200 6 0.055999998
433 658 41 224 5 122 283 272 0.043333333
603 764 293 255 66 8 124 17 0.036666673

-------------------------------------------------
GENERACIÓN 11
32 685 179 80 17 130 298 210 0.38866672
208 797 104 203 32 47 65 175 0.38333333
690 920 25 20 112 225 56 187 0.37933335
129 855 155 268 258 87 103 57 0.35133335
47 531 282 97 9 174 198 56 0.34266666
503 857 194 79 214 103 7 298 0.34266666
756 797 136 63 208 269 186 175 0.32800004
442 882 229 166 173 37 154 284 0.32799998
338 450 262 105 188 252 36 40 0.22133334
346 549 295 30 13 169 15 154 0.18800001
946 955 75 212 49 164 55 200 0.17866667
79 496 67 52 231 131 278 0 0.15000002
514 691 195 30 197 115 122 119 0.14333333
357 621 166 89 152 279 247 282 0.08533334
553 557 221 235 40 128 135 60 0.078666665
284 363 293 297 243 146 46 256 0.02

-------------------------------------------------
GENERACIÓN 12
32 685 179 80 17 130 298 210 0.38866672
208 797 104 203 32 47 65 175 0.38333333
690 920 25 20 112 225 56 187 0.37933335
129 855 155 268 258 87 103 57 0.35133335
47 531 282 97 9 174 198 56 0.34266666
503 857 194 79 214 103 7 298 0.34266666
756 797 136 63 208 269 186 175 0.32800004
442 882 229 166 173 37 154 284 0.32799998
126 692 265 82 8 119 217 209 0.24400002
737 946 124 238 152 147 178 213 0.19066669
920 934 127 260 53 17 256 264 0.17133333
585 810 270 296 275 187 255 202 0.15266667
769 837 3 89 29 284 104 134 0.15066668
129 234 234 246 82 185 92 251 0.12733334
244 568 21 260 212 190 53 60 0.116666675
469 840 167 132 48 160 269 275 0.09

-------------------------------------------------
GENERACIÓN 13
32 685 179 80 17 130 298 210 0.38866672
208 797 104 203 32 47 65 175 0.38333333
690 920 25 20 112 225 56 187 0.37933335
129 855 155 268 258 87 103 57 0.35133335
47 531 282 97 9 174 198 56 0.34266666
503 857 194 79 214 103 7 298 0.34266666
756 797 136 63 208 269 186 175 0.32800004
442 882 229 166 173 37 154 284 0.32799998
720 838 127 192 131 10 95 53 0.214
517 691 33 281 178 1 75 15 0.21266668
166 519 187 4 246 138 221 123 0.16000001
322 885 53 63 273 129 47 105 0.15133333
34 324 50 221 286 135 87 21 0.090666674
526 784 10 178 224 124 168 83 0.085333325
551 891 123 100 92 263 105 79 0.07666666
325 707 110 264 14 123 137 30 0.052666664

-------------------------------------------------
GENERACIÓN 14
32 685 179 80 17 130 298 210 0.38866672
208 797 104 203 32 47 65 175 0.38333333
690 920 25 20 112 225 56 187 0.37933335
129 855 155 268 258 87 103 57 0.35133335
47 531 282 97 9 174 198 56 0.34266666
503 857 194 79 214 103 7 298 0.34266666
756 797 136 63 208 269 186 175 0.32800004
442 882 229 166 173 37 154 284 0.32799998
958 958 145 88 197 220 211 139 0.30333334
660 857 40 251 140 169 161 198 0.272
239 483 240 206 251 78 100 272 0.21266669
681 821 273 163 107 29 38 142 0.19133335
105 409 279 287 105 155 297 135 0.17466669
549 951 180 252 169 16 287 79 0.09266668
530 667 223 56 261 124 223 267 0.0053333417
845 911 86 5 222 214 133 21 -0.019333338

-------------------------------------------------
GENERACIÓN 15
32 685 179 80 17 130 298 210 0.38866672
208 797 104 203 32 47 65 175 0.38333333
690 920 25 20 112 225 56 187 0.37933335
129 855 155 268 258 87 103 57 0.35133335
47 531 282 97 9 174 198 56 0.34266666
503 857 194 79 214 103 7 298 0.34266666
756 797 136 63 208 269 186 175 0.32800004
442 882 229 166 173 37 154 284 0.32799998
569 881 249 64 3 150 191 167 0.13466667
189 419 134 140 126 280 241 251 0.13399999
880 923 136 95 16 220 137 203 0.122
146 904 169 115 263 57 175 38 0.12066666
379 621 87 226 116 141 134 24 0.090666674
390 514 292 204 29 160 41 170 0.080000006
546 894 211 77 144 91 264 60 0.078666665
579 632 124 79 213 164 26 115 0.06266667

-------------------------------------------------
GENERACIÓN 16
503 531 282 79 9 60 198 56 0.40600002
32 685 179 80 17 130 298 210 0.38866672
208 797 104 203 32 47 65 175 0.38333333
690 920 25 20 112 225 56 187 0.37933335
129 855 155 268 258 87 103 57 0.35133335
47 531 282 97 9 174 198 56 0.34266666
756 797 136 63 208 269 186 175 0.32800004
442 882 229 166 173 37 154 284 0.32799998
34 360 10 107 116 242 72 13 0.19
448 851 235 193 61 189 62 126 0.16133334
159 594 232 277 179 141 7 193 0.14933333
546 935 156 293 177 49 193 261 0.025333332
863 935 152 226 283 192 137 8 0.022666669
893 949 19 242 83 175 108 244 0.022
260 669 4 272 265 73 283 153 -0.030666672
7 439 265 209 130 280 162 297 -0.031333335

-------------------------------------------------
GENERACIÓN 17
201 636 100 132 252 6 153 155 0.5346667
503 531 282 79 9 60 198 56 0.40600002
32 685 179 80 17 130 298 210 0.38866672
208 797 104 203 32 47 65 175 0.38333333
690 920 25 20 112 225 56 187 0.37933335
129 855 155 268 258 87 103 57 0.35133335
756 797 136 166 173 37 281 284 0.34533334
47 531 282 97 9 174 198 56 0.34266666
756 797 136 63 208 269 186 175 0.32800004
528 628 286 222 136 170 196 268 0.29266667
156 684 74 111 8 228 21 155 0.21
914 944 250 271 285 32 192 73 0.14933334
546 753 263 236 114 191 289 158 0.128
674 792 257 287 249 25 40 215 0.09400001
579 774 245 41 284 113 230 299 0.09133333
114 547 8 115 34 119 96 276 -0.010000001

-------------------------------------------------
GENERACIÓN 18
201 636 100 132 252 6 153 155 0.5346667
503 531 282 79 9 60 198 56 0.40600002
32 685 179 80 17 130 298 210 0.38866672
208 797 104 203 32 47 65 175 0.38333333
690 920 25 20 112 225 56 187 0.37933335
129 855 155 268 258 87 103 57 0.35133335
756 797 136 166 173 37 281 284 0.34533334
47 531 282 97 9 174 198 56 0.34266666
542 954 267 92 39 185 117 283 0.294
46 954 219 22 19 246 23 9 0.17466669
494 902 104 1 291 254 10 232 0.16333334
247 580 277 62 109 206 287 276 0.08266667
488 499 286 37 14 283 129 248 0.04333334
480 857 248 100 290 231 176 106 0.016666666
51 683 262 238 161 219 255 168 -0.0033333313
743 837 75 36 5 212 248 81 -0.028666668

-------------------------------------------------
GENERACIÓN 19
201 636 100 132 252 6 153 155 0.5346667
503 531 282 79 9 60 198 56 0.40600002
32 685 179 80 17 130 298 210 0.38866672
208 797 104 203 32 47 65 175 0.38333333
690 920 25 20 112 225 56 187 0.37933335
129 855 155 268 258 87 103 57 0.35133335
756 797 136 166 173 37 281 284 0.34533334
47 531 282 97 9 174 198 56 0.34266666
782 907 32 262 254 133 2 235 0.26866668
862 910 180 84 61 24 135 109 0.20333333
122 825 228 288 297 11 143 25 0.13666667
589 858 35 195 18 223 164 262 0.102666676
234 759 81 289 235 275 93 239 0.049999997
34 412 88 37 150 150 212 255 0.03066667
920 926 248 18 279 101 266 99 -0.012000009
333 928 38 232 127 79 82 176 -0.036

-------------------------------------------------
GENERACIÓN 20
201 636 100 132 252 6 153 155 0.5346667
503 531 282 79 9 60 198 56 0.40600002
32 685 179 80 17 130 298 210 0.38866672
208 797 104 203 32 47 65 175 0.38333333
690 920 25 20 112 225 56 187 0.37933335
129 855 155 268 258 87 103 57 0.35133335
756 797 136 166 173 37 281 284 0.34533334
47 531 282 97 9 174 198 56 0.34266666
24 393 298 56 233 136 203 85 0.28800002
741 870 223 295 242 234 271 292 0.17866667
747 937 241 231 115 51 88 227 0.16133334
432 492 91 158 180 61 160 70 0.15133335
561 799 139 283 20 120 84 111 0.11000001
693 795 132 201 67 4 40 260 0.105333336
375 955 264 25 264 149 264 33 0.09866667
319 635 34 42 279 97 236 135 -0.081999995

-------------------------------------------------
GENERACIÓN 21
201 636 100 132 252 6 153 155 0.5346667
503 531 282 79 9 60 198 56 0.40600002
32 685 179 80 17 130 298 210 0.38866672
208 797 104 203 32 47 65 175 0.38333333
690 920 25 20 112 225 56 187 0.37933335
129 855 155 268 258 87 103 57 0.35133335
756 797 136 166 173 37 281 284 0.34533334
47 531 282 97 9 174 198 56 0.34266666
296 740 136 144 262 32 187 110 0.266
601 829 182 161 184 154 143 85 0.19733334
887 957 81 205 295 259 43 219 0.19333334
749 812 168 43 245 178 253 135 0.08866667
510 769 218 91 201 17 161 165 0.064
718 754 40 65 270 33 51 85 0.026666671
874 942 34 34 127 62 209 15 -0.072666675
407 811 147 123 34 36 287 62 -0.11133334

-------------------------------------------------
GENERACIÓN 22
201 636 100 132 252 6 153 155 0.5346667
503 531 282 79 9 60 198 56 0.40600002
32 685 179 80 17 130 298 210 0.38866672
208 797 104 203 32 47 65 175 0.38333333
690 920 25 20 112 225 56 187 0.37933335
129 855 155 268 258 87 103 57 0.35133335
756 797 136 166 173 37 281 284 0.34533334
47 531 282 97 9 174 198 56 0.34266666
11 208 123 283 48 163 155 181 0.32333335
932 951 71 137 299 124 36 11 0.17333333
315 366 133 122 118 258 178 194 0.16466667
296 615 87 194 60 263 178 190 0.11733335
753 910 171 237 30 281 167 11 0.083333336
692 861 271 258 131 18 130 159 0.07933334
722 791 148 191 200 13 159 282 0.07399999
660 752 150 135 108 258 139 10 0.052000005

-------------------------------------------------
GENERACIÓN 23
201 636 100 132 252 6 153 155 0.5346667
178 855 155 20 112 87 56 187 0.43400002
756 531 136 166 173 174 198 56 0.41400006
503 531 282 79 9 60 198 56 0.40600002
495 659 284 182 31 254 272 267 0.40600002
32 685 179 80 17 130 298 210 0.38866672
208 797 104 203 32 47 65 175 0.38333333
690 920 25 20 112 225 56 187 0.37933335
231 625 45 199 107 0 12 155 0.36
756 797 136 166 173 37 281 284 0.34533334
646 658 28 57 53 253 123 203 0.29533336
463 636 284 63 218 296 140 174 0.24133335
942 958 130 36 107 8 257 34 0.202
183 503 158 142 284 51 99 242 0.186
591 908 166 223 66 252 12 60 0.10666666
482 831 162 271 228 118 247 37 0.034666676

-------------------------------------------------
GENERACIÓN 24
201 636 100 132 252 6 153 155 0.5346667
178 855 155 20 112 87 56 187 0.43400002
12 123 272 215 176 38 273 177 0.418
756 531 136 166 173 174 198 56 0.41400006
503 531 282 79 9 60 198 56 0.40600002
495 659 284 182 31 254 272 267 0.40600002
32 685 179 80 17 130 298 210 0.38866672
208 797 104 203 32 47 65 175 0.38333333
690 920 25 20 112 225 56 187 0.37933335
308 363 79 138 219 144 152 98 0.30000004
370 766 213 247 213 220 160 269 0.16000001
690 893 288 15 227 5 14 117 0.07399999
308 952 270 10 290 227 227 4 0.05733333
593 683 127 256 207 107 13 40 0.048000004
591 862 126 11 163 55 286 126 -0.07
380 732 86 53 165 258 101 2 -0.116000004

-------------------------------------------------
GENERACIÓN 25
201 636 100 132 252 6 153 155 0.5346667
178 855 155 20 112 87 56 187 0.43400002
12 123 272 215 176 38 273 177 0.418
756 531 136 166 173 174 198 56 0.41400006
503 531 282 79 9 60 198 56 0.40600002
495 659 284 182 31 254 272 267 0.40600002
32 685 179 80 17 130 298 210 0.38866672
208 797 104 203 32 47 65 175 0.38333333
744 936 281 222 77 70 167 119 0.3366667
239 784 147 47 82 174 270 41 0.27400002
829 847 63 27 51 26 161 122 0.268
690 743 184 119 190 169 54 49 0.17933333
543 916 154 155 88 153 55 297 0.13533334
463 900 219 15 167 219 266 219 0.12466668
602 845 159 98 100 60 41 188 0.102666676
829 951 146 215 81 43 276 118 0.04866667

-------------------------------------------------
GENERACIÓN 26
201 636 100 132 252 6 153 155 0.5346667
178 855 155 20 112 87 56 187 0.43400002
12 123 272 215 176 38 273 177 0.418
756 531 136 166 173 174 198 56 0.41400006
503 531 282 79 9 60 198 56 0.40600002
495 659 284 182 31 254 272 267 0.40600002
32 685 179 80 17 130 298 210 0.38866672
208 797 104 203 32 47 65 175 0.38333333
249 884 138 249 142 262 118 166 0.28333336
723 804 7 233 155 6 117 73 0.276
821 949 113 267 58 117 110 205 0.24333334
283 513 119 266 36 238 258 277 0.21133333
822 832 33 78 238 178 19 227 0.148
551 855 211 210 36 136 289 162 0.11933335
617 753 179 87 120 257 105 278 0.111999996
282 859 96 188 212 279 200 274 -0.02533333

-------------------------------------------------
GENERACIÓN 27
201 636 100 132 252 6 153 155 0.5346667
178 855 155 20 112 87 56 187 0.43400002
12 123 272 215 176 38 273 177 0.418
756 531 136 166 173 174 198 56 0.41400006
503 531 282 79 9 60 198 56 0.40600002
495 659 284 182 31 254 272 267 0.40600002
32 685 179 80 17 130 298 210 0.38866672
208 797 104 203 32 47 65 175 0.38333333
472 741 274 129 246 8 225 80 0.25266668
272 279 68 73 288 278 68 96 0.236
0 423 295 126 195 120 246 161 0.19466668
402 841 275 67 8 93 145 70 0.16933334
127 436 76 216 26 194 120 187 0.15
250 313 60 120 293 237 193 150 0.08466668
284 955 102 120 203 202 250 252 0.06733334
809 831 214 183 290 256 286 95 0.010666672

-------------------------------------------------
GENERACIÓN 28
201 636 100 132 252 6 153 155 0.5346667
178 855 155 20 112 87 56 187 0.43400002
12 123 272 215 176 38 273 177 0.418
756 531 136 166 173 174 198 56 0.41400006
503 531 282 79 9 60 198 56 0.40600002
495 659 284 182 31 254 272 267 0.40600002
32 685 179 80 17 130 298 210 0.38866672
208 797 104 203 32 47 65 175 0.38333333
587 744 151 61 38 132 100 169 0.25800002
497 545 49 243 80 7 41 295 0.236
736 867 199 202 0 29 185 285 0.21533334
771 887 12 240 239 299 134 83 0.20266668
441 529 184 29 228 174 125 142 0.12466668
493 635 55 250 185 207 259 46 0.11333334
196 506 199 76 119 117 281 68 0.098
725 803 54 31 290 114 27 209 0.038666677

-------------------------------------------------
GENERACIÓN 29
201 636 100 132 252 6 153 155 0.5346667
178 855 155 20 112 87 56 187 0.43400002
12 123 272 215 176 38 273 177 0.418
756 531 136 166 173 174 198 56 0.41400006
503 531 282 79 9 60 198 56 0.40600002
495 659 284 182 31 254 272 267 0.40600002
32 685 179 80 17 130 298 210 0.38866672
208 797 104 203 32 47 65 175 0.38333333
665 804 273 125 47 219 257 149 0.312
388 573 29 26 249 1 14 204 0.18800001
240 243 135 171 89 239 20 271 0.186
251 544 290 197 254 76 167 22 0.12266668
825 831 197 157 186 68 119 243 0.11133334
875 919 75 253 267 234 212 228 0.081999995
894 922 42 74 168 140 291 267 0.05333333
69 730 276 242 285 192 173 245 -0.056666672

-------------------------------------------------
GENERACIÓN 30
201 636 100 132 252 6 153 155 0.5346667
178 855 155 20 112 87 56 187 0.43400002
799 882 281 268 149 18 12 163 0.43133333
12 123 272 215 176 38 273 177 0.418
756 531 136 166 173 174 198 56 0.41400006
503 531 282 79 9 60 198 56 0.40600002
495 659 284 182 31 254 272 267 0.40600002
32 685 179 80 17 130 298 210 0.38866672
208 797 104 203 32 47 65 175 0.38333333
676 736 180 187 30 96 225 97 0.33400002
7 44 225 17 102 17 226 163 0.282
719 951 197 44 140 258 9 158 0.2706667
817 858 180 145 28 197 172 131 0.21800004
828 894 102 286 284 61 151 114 0.079333335
684 797 174 12 48 213 289 64 -0.032
818 940 224 18 227 29 285 222 -0.055333342

-------------------------------------------------
