GENERACIÓN 0
269 663 277 128 173 100 259 47 0.023131646
118 780 64 251 145 235 226 141 0.017592937
263 753 161 110 90 178 98 19 0.01527872
834 853 186 185 226 292 97 51 0.009494759
103 587 51 77 123 126 41 67 0.008765734
954 958 38 8 68 286 277 20 0.0023908175
859 945 170 220 36 264 197 177 -0.004058853
811 948 195 181 65 176 17 52 -0.00645005
930 954 65 37 285 101 11 22 -0.006612712
750 766 257 94 216 13 113 117 -0.007201486
377 639 47 233 256 19 161 201 -0.0076856385
445 451 77 175 117 251 258 75 -0.013175192
547 853 73 41 198 34 52 264 -0.013338525
651 838 275 143 79 229 224 67 -0.03924237
373 883 95 208 70 172 99 7 -0.06961764
875 880 191 174 239 183 72 55 -0.08518044
Mejor: 269 663 277 128 173 100 259 47 0.023131646

-------------------------------------------------
GENERACIÓN 1
445 451 77 175 117 251 258 75 0.046668097
811 948 195 181 65 176 17 52 0.022690117
651 853 73 143 79 229 224 67 0.01914649
377 639 47 233 256 19 161 201 0.016533367
930 766 65 37 285 101 113 22 0.013539601
859 945 170 220 36 264 197 177 0.009868466
263 853 186 110 90 292 97 51 -9.342463E-4
118 780 64 251 145 235 226 141 -0.001988042
547 838 275 41 198 34 52 264 -0.0031219963
875 883 191 174 239 183 99 55 -0.0038282394
834 753 161 185 226 178 98 19 -0.0049141147
954 958 38 8 68 286 277 20 -0.007807963
103 587 51 77 123 126 41 67 -0.009480615
373 880 95 208 70 172 72 7 -0.010015561
269 663 277 128 173 100 259 47 -0.05400451
750 954 257 94 216 13 11 117 -0.08128724
Mejor: 445 451 77 175 117 251 258 75 0.046668097

-------------------------------------------------
GENERACIÓN 2
377 853 73 143 256 19 161 201 0.041811954
263 780 186 251 90 292 97 141 0.015002881
651 639 47 233 79 229 224 67 0.01030144
930 766 65 220 36 101 113 177 0.0010304534
954 958 161 8 226 178 98 20 -1.2506901E-4
859 945 170 37 285 264 197 22 -5.752806E-4
875 838 191 174 198 183 99 55 -8.5115415E-4
445 451 77 175 65 251 17 52 -0.0012888014
834 753 38 185 68 286 277 19 -0.002180326
811 948 195 181 117 176 258 75 -0.01010931
118 853 64 110 145 235 226 51 -0.011013877
103 880 95 208 123 172 72 7 -0.013972454
547 883 275 41 239 34 52 264 -0.017074177
750 954 257 94 216 13 11 117 -0.026039535
373 587 51 77 70 126 41 67 -0.04174006
269 663 277 128 173 100 259 47 -0.046172384
Mejor: 445 451 77 175 117 251 258 75 0.046668097

-------------------------------------------------
GENERACIÓN 3
651 639 47 233 36 229 113 177 0.011745986
547 954 275 41 239 34 52 264 0.010971512
811 948 195 185 68 286 258 75 0.010521672
859 945 161 8 226 178 197 22 0.0017697159
263 780 186 251 90 292 97 141 6.686834E-4
103 880 95 110 145 235 72 51 -7.3065393E-4
373 587 51 128 70 100 41 67 -0.003675443
445 451 191 174 198 251 99 55 -0.0044135763
750 883 257 94 216 13 11 117 -0.0062198974
269 663 277 77 173 126 259 47 -0.009870373
954 958 170 37 285 264 98 20 -0.011665429
875 838 77 175 65 183 17 52 -0.020826863
930 766 65 220 79 101 224 67 -0.025880024
834 753 38 181 117 176 277 19 -0.026125938
377 853 73 143 256 19 161 201 -0.046076577
118 853 64 208 123 172 226 7 -0.07104132
Mejor: 445 451 77 175 117 251 258 75 0.046668097

-------------------------------------------------
GENERACIÓN 4
373 587 51 174 70 251 41 55 0.041745376
954 838 170 175 65 264 98 20 0.02462399
930 766 65 220 79 101 224 67 0.022751214
445 451 191 128 198 100 99 67 0.018401464
834 753 38 181 117 176 277 19 0.0025867594
811 948 195 185 68 178 258 22 -6.070532E-4
547 639 47 233 239 34 113 264 -0.003050241
103 880 95 110 145 235 72 51 -0.015720023
118 853 64 208 123 172 226 7 -0.017982224
750 883 257 94 216 13 11 117 -0.021298578
269 663 277 77 173 126 259 47 -0.022961093
859 945 161 8 226 286 197 75 -0.023726664
263 780 186 251 90 292 97 141 -0.032163076
377 853 73 143 256 19 161 201 -0.032684904
875 958 77 37 285 183 17 52 -0.045979362
651 954 275 41 36 229 52 177 -0.109255455
Mejor: 445 451 77 175 117 251 258 75 0.046668097

-------------------------------------------------
GENERACIÓN 5
269 663 161 8 173 126 197 47 0.06808581
547 880 47 110 145 34 72 51 0.038733777
834 753 38 185 117 176 258 19 0.03118152
875 958 77 37 285 183 17 52 0.010423865
445 451 191 128 198 100 99 67 0.004671844
859 945 277 77 226 286 259 75 0.003140438
377 853 73 143 256 19 161 141 -3.0636988E-4
103 639 95 233 239 235 113 264 -0.003936133
930 766 65 220 79 101 224 67 -0.004310542
373 838 51 175 70 264 41 55 -0.012683042
118 883 257 208 123 13 11 117 -0.017755575
811 948 195 181 68 178 277 22 -0.034731958
263 780 186 251 90 292 97 201 -0.045850288
750 853 64 94 216 172 226 7 -0.0868094
954 587 170 174 65 251 98 20 -0.09989595
651 954 275 41 36 229 52 177 -0.11470447
Mejor: 269 663 161 8 173 126 197 47 0.06808581

-------------------------------------------------
GENERACIÓN 6
651 954 170 41 65 229 52 20 0.029355936
445 945 191 77 198 100 99 67 0.02491159
750 853 64 94 216 172 226 7 0.019377632
811 948 195 181 68 178 277 22 0.012257113
834 958 38 37 285 183 258 52 0.010013682
377 639 95 143 239 19 113 141 0.005273704
103 853 73 233 256 235 161 264 0.005164915
547 663 161 110 173 34 197 51 -6.3240714E-4
859 451 277 128 226 286 259 75 -0.0021954658
954 587 275 174 36 251 98 177 -0.006207572
875 753 77 185 117 176 17 19 -0.007518643
263 780 186 251 90 292 97 201 -0.013361152
118 883 257 208 123 13 11 117 -0.02149559
269 880 47 8 145 126 72 47 -0.040543918
373 838 65 220 70 264 224 55 -0.04177389
930 766 51 175 79 101 41 67 -0.11355721
Mejor: 269 663 161 8 173 126 197 47 0.06808581

-------------------------------------------------
GENERACIÓN 7
547 853 161 233 173 34 197 264 0.02533952
954 587 275 174 36 251 98 177 0.023310678
875 753 77 185 117 176 17 19 0.006659199
118 883 47 8 145 13 11 47 0.003911561
103 663 73 110 256 235 161 51 -6.2889047E-4
377 639 95 143 239 19 113 141 -0.0012281146
811 853 64 94 68 178 277 22 -0.0045661125
859 451 277 128 226 286 259 75 -0.009077441
834 958 38 37 285 183 258 52 -0.01315442
930 766 51 175 79 101 41 67 -0.013601642
263 780 186 251 90 292 97 201 -0.022025557
269 880 257 208 123 126 72 117 -0.027813988
750 948 195 181 216 172 226 7 -0.03201625
373 838 65 220 70 264 224 55 -0.049868297
651 954 170 77 65 229 52 67 -0.055490773
445 945 191 41 198 100 99 20 -0.12953492
Mejor: 269 663 161 8 173 126 197 47 0.06808581

-------------------------------------------------
GENERACIÓN 8
263 880 186 251 90 292 72 117 0.016559921
859 853 277 94 226 178 259 22 0.001578231
377 639 95 143 239 19 113 141 1.9335544E-4
954 853 275 174 36 34 98 177 -0.002870911
118 883 47 185 145 176 11 19 -0.003297224
373 838 65 220 70 264 224 55 -0.009253632
547 587 161 233 173 251 197 264 -0.009901164
651 954 191 41 198 100 52 67 -0.013839218
875 753 77 8 117 13 17 47 -0.0143340705
811 451 64 128 68 286 277 75 -0.015825609
930 958 38 175 79 101 258 67 -0.021328038
269 780 257 208 123 126 97 201 -0.024857044
103 663 73 110 256 235 161 51 -0.035526726
750 948 195 181 216 172 226 7 -0.041143842
834 766 51 37 285 183 41 52 -0.06487609
445 945 170 77 65 229 99 20 -0.07754535
Mejor: 269 663 161 8 173 126 197 47 0.06808581

-------------------------------------------------
GENERACIÓN 9
651 954 161 41 173 100 197 264 0.049238797
547 587 191 233 198 251 52 67 0.016553516
118 883 65 220 70 264 11 55 0.0017755466
103 663 73 110 256 172 226 51 -2.926529E-4
859 853 277 94 226 178 259 22 -0.005513277
445 766 51 37 65 183 99 20 -0.0069417297
834 945 170 77 285 229 41 52 -0.009975315
811 451 64 128 117 286 17 75 -0.010111314
373 838 47 185 145 176 224 19 -0.013225488
377 639 95 143 239 34 98 141 -0.015185534
875 753 77 8 68 13 277 47 -0.024489537
263 880 186 251 90 292 72 117 -0.028171344
930 958 38 175 79 101 258 67 -0.032981116
954 853 275 174 36 19 113 177 -0.037934247
269 780 257 208 123 126 97 201 -0.06785072
750 948 195 181 216 235 161 7 -0.09074085
Mejor: 269 663 161 8 173 126 197 47 0.06808581

-------------------------------------------------
GENERACIÓN 10
859 766 51 37 65 183 99 22 0.050999943
445 853 277 94 226 178 259 20 0.037612956
118 883 65 220 70 264 11 55 0.015358853
875 753 77 8 68 292 72 47 0.013036232
834 945 170 128 285 229 17 75 0.009590206
373 838 95 185 145 34 98 141 -0.0012986339
750 948 195 181 216 235 161 7 -0.0027599381
811 451 64 77 117 286 41 52 -0.0031774591
269 780 257 208 123 126 97 201 -0.0037088257
547 587 191 233 198 251 52 67 -0.008509352
930 853 38 175 36 19 113 67 -0.010939923
377 639 47 143 239 176 224 19 -0.011373161
103 663 73 110 256 172 226 51 -0.035523165
263 880 186 251 90 13 277 117 -0.036450867
651 954 161 41 173 100 197 264 -0.049082756
954 958 275 174 79 101 258 177 -0.05400486
Mejor: 269 663 161 8 173 126 197 47 0.06808581

-------------------------------------------------
GENERACIÓN 11
263 663 186 110 90 13 226 51 0.046577036
859 766 51 37 65 183 99 22 0.0030341477
875 753 77 8 68 292 72 47 0.002538681
269 780 257 208 123 126 97 201 7.308703E-4
547 587 191 233 198 251 52 67 -1.355394E-4
377 639 47 175 239 19 224 19 -8.0984714E-4
118 883 65 220 70 264 11 55 -0.0035664851
445 853 277 94 226 178 259 20 -0.004091277
811 451 64 77 117 286 41 52 -0.004195227
651 958 275 174 173 101 258 264 -0.011071297
373 838 95 185 145 34 98 141 -0.012122765
930 853 38 143 36 176 113 67 -0.014287812
103 880 73 251 256 172 277 117 -0.014344875
750 948 195 181 216 235 161 7 -0.0206301
834 945 170 128 285 229 17 75 -0.023760574
954 954 161 41 79 100 197 177 -0.0333593
Mejor: 269 663 161 8 173 126 197 47 0.06808581

-------------------------------------------------
GENERACIÓN 12
651 958 275 174 173 101 258 264 0.05040428
834 945 170 128 285 229 17 75 0.013584939
103 948 195 181 256 172 277 7 0.0053122025
118 883 65 220 70 264 11 55 9.892719E-4
377 587 47 175 239 251 224 67 -0.003636401
875 753 257 8 123 126 97 47 -0.0060667917
811 451 64 77 117 286 41 52 -0.0086170845
263 663 186 110 90 13 226 51 -0.008969286
954 954 161 41 79 100 197 177 -0.011601518
750 880 73 251 216 235 161 117 -0.012175534
373 853 38 143 36 176 98 141 -0.01599562
859 766 51 37 65 183 99 22 -0.017512007
547 639 191 233 198 19 52 19 -0.03311108
269 780 77 208 68 292 72 201 -0.05379373
930 838 95 185 145 34 113 67 -0.071271196
445 853 277 94 226 178 259 20 -0.07305819
Mejor: 269 663 161 8 173 126 197 47 0.06808581

-------------------------------------------------
GENERACIÓN 13
445 853 277 94 226 178 259 20 0.033015814
373 853 51 37 36 183 98 22 0.029694373
875 753 257 8 239 126 224 47 0.024711205
118 883 195 181 256 172 11 55 0.02399352
103 948 65 220 70 264 277 7 0.014221937
269 780 77 208 68 292 72 201 0.012169466
263 663 186 110 90 13 226 51 0.0019949598
651 958 275 128 285 101 17 264 -4.9681403E-5
750 880 73 251 216 235 161 117 -0.004076573
859 766 38 143 65 176 99 141 -0.0068693594
954 954 161 41 79 100 197 177 -0.008152486
811 451 64 77 117 286 41 52 -0.019329503
930 838 95 185 145 34 113 67 -0.033110335
834 945 170 174 173 229 258 75 -0.04313576
377 587 47 175 123 251 97 67 -0.0640204
547 639 191 233 198 19 52 19 -0.06471461
Mejor: 269 663 161 8 173 126 197 47 0.06808581

-------------------------------------------------
GENERACIÓN 14
834 838 170 174 145 34 113 67 0.029412197
954 954 161 41 79 100 197 177 0.024490362
811 451 64 77 117 286 41 52 0.004549854
651 663 275 110 90 13 17 264 0.0026593066
269 780 77 208 68 292 72 201 9.82921E-4
373 853 277 94 226 178 98 20 -0.0032961105
859 766 38 143 65 176 99 141 -0.0037699633
263 958 186 128 285 101 226 51 -0.0044987504
445 853 51 37 36 183 259 22 -0.0049263476
377 587 191 233 198 251 52 19 -0.006362196
547 639 47 175 123 19 97 67 -0.0071559665
103 948 65 220 70 264 277 7 -0.01102507
118 753 195 181 256 126 224 47 -0.017686808
875 883 257 8 239 172 11 55 -0.022765117
930 945 95 185 173 229 258 75 -0.028145984
750 880 73 251 216 235 161 117 -0.09092408
Mejor: 269 663 161 8 173 126 197 47 0.06808581

-------------------------------------------------
GENERACIÓN 15
263 958 38 143 65 176 99 51 0.01079445
445 853 51 233 198 183 52 22 6.118912E-4
834 954 170 41 79 100 197 177 -0.0015802846
859 766 186 128 285 101 226 141 -0.0019698946
930 945 73 251 173 229 258 75 -0.0021799514
269 780 77 208 68 292 72 201 -0.0038722102
750 880 95 185 216 235 161 117 -0.011864122
547 639 65 220 70 19 277 7 -0.0119545525
373 853 277 94 226 178 98 20 -0.028205754
651 663 275 110 90 13 17 264 -0.03278499
103 948 47 175 123 264 97 67 -0.03312844
811 451 64 77 117 286 41 52 -0.04176557
875 753 195 181 256 172 224 47 -0.04224353
954 838 161 174 145 34 113 67 -0.0509001
118 883 257 8 239 126 11 55 -0.052886765
377 587 191 37 36 251 259 19 -0.06866008
Mejor: 269 663 161 8 173 126 197 47 0.06808581

-------------------------------------------------
GENERACIÓN 16
103 451 47 175 117 286 97 52 0.014399993
930 780 77 251 173 229 258 201 0.013871092
811 948 64 77 123 264 41 67 0.013346133
373 663 277 110 90 13 98 264 0.010542768
269 945 73 208 68 292 72 75 0.005596317
263 958 38 143 65 176 99 51 0.0048240363
547 639 65 220 70 19 277 7 0.0025414734
875 753 161 174 256 34 113 67 6.693897E-4
750 880 95 185 216 235 161 117 -2.7300356E-4
651 853 275 94 226 178 17 20 -0.002499157
445 853 51 233 198 183 52 22 -0.0056234472
118 883 257 8 239 126 11 55 -0.015250475
377 587 191 37 36 251 259 19 -0.025775978
834 954 170 128 285 101 197 177 -0.029734073
954 838 195 181 145 172 224 47 -0.04207943
859 766 186 41 79 100 226 141 -0.04248165
Mejor: 269 663 161 8 173 126 197 47 0.06808581

-------------------------------------------------
GENERACIÓN 17
875 753 161 174 256 34 277 67 0.040786047
547 639 65 220 70 19 113 7 0.02978084
373 663 277 77 90 13 98 67 0.011184018
103 780 77 175 173 229 97 201 0.0017824825
834 954 191 128 36 251 259 177 0.0015492683
954 766 186 41 79 172 226 141 3.3961577E-4
750 853 95 94 216 178 17 20 -0.0065960283
930 451 47 251 117 286 258 52 -0.0066340244
811 948 64 110 123 264 41 264 -0.0067195315
263 945 73 143 68 292 99 75 -0.011070687
269 958 38 208 65 176 72 51 -0.011868612
445 853 51 233 198 183 52 22 -0.012114738
118 883 257 8 239 126 11 55 -0.015245604
859 838 195 181 145 100 224 47 -0.015272964
377 587 170 37 285 101 197 19 -0.021188706
651 880 275 185 226 235 161 117 -0.0870837
Mejor: 269 663 161 8 173 126 197 47 0.06808581

-------------------------------------------------
GENERACIÓN 18
263 945 73 143 68 292 99 75 0.0273406
651 880 170 185 226 235 161 19 0.0061278488
269 958 51 233 65 176 72 51 0.005910016
103 780 77 175 173 229 97 201 0.0036916435
547 639 65 174 70 19 113 7 0.0031417527
811 948 64 110 123 264 41 264 -1.2659468E-4
875 753 161 220 256 34 277 67 -0.0010646621
118 883 257 8 239 126 11 55 -0.0029856905
445 853 38 208 198 183 52 22 -0.0033263268
377 587 275 37 285 101 197 117 -0.004123257
373 663 277 77 90 13 98 67 -0.0067059714
954 766 186 41 79 172 226 141 -0.01626357
859 838 195 181 145 100 224 47 -0.032689918
930 451 95 94 216 286 17 20 -0.033639748
750 853 47 251 117 178 258 52 -0.06325049
834 954 191 128 36 251 259 177 -0.08160498
Mejor: 269 663 161 8 173 126 197 47 0.06808581

-------------------------------------------------
GENERACIÓN 19
263 945 73 143 68 292 161 19 0.03790451
834 853 191 251 117 178 258 52 0.034075644
811 639 65 174 70 19 41 7 0.025959836
651 880 170 185 226 235 99 75 0.009530824
373 663 277 77 90 13 98 67 2.7566217E-5
954 766 186 41 79 172 226 141 -2.723244E-4
103 780 77 175 173 229 97 201 -3.448703E-4
269 958 51 233 65 176 72 51 -0.0059632375
445 853 38 37 198 183 52 22 -0.0069411597
930 451 95 94 216 286 17 20 -0.007274288
118 883 257 8 239 126 11 55 -0.007868328
377 587 275 208 285 101 197 117 -0.018610252
547 948 64 110 123 264 113 264 -0.01892444
859 838 195 181 145 100 224 47 -0.040331382
875 753 161 220 256 34 277 67 -0.040559534
750 954 47 128 36 251 259 177 -0.05273068
Mejor: 269 663 161 8 173 126 197 47 0.06808581

-------------------------------------------------
GENERACIÓN 20
859 838 195 110 123 100 113 264 0.036152553
118 883 257 208 239 101 11 55 0.034587506
651 639 170 174 70 19 99 7 7.153411E-4
269 958 77 233 65 229 72 201 -0.0029747884
103 780 51 175 173 176 97 51 -0.005064647
875 753 161 128 36 34 277 177 -0.008251664
547 948 64 181 145 264 224 47 -0.0089554265
377 587 275 8 285 126 197 117 -0.013707039
373 663 277 77 90 13 98 67 -0.014952234
263 945 191 143 68 292 258 52 -0.018693041
811 880 65 185 226 235 41 75 -0.019198714
834 853 73 251 117 178 161 19 -0.033067368
930 451 95 94 216 286 17 20 -0.03356562
954 766 186 41 79 172 226 141 -0.03707392
445 853 38 37 198 183 52 22 -0.049485262
750 954 47 220 256 251 259 67 -0.06680772
Mejor: 269 663 161 8 173 126 197 47 0.06808581

-------------------------------------------------
GENERACIÓN 21
445 954 47 37 256 251 52 67 0.014922463
263 945 191 143 68 292 258 52 0.004469396
875 753 161 128 36 34 277 177 0.0042928266
118 883 257 208 239 101 11 55 0.0033664277
930 451 95 94 216 286 17 20 -0.0012750328
750 853 38 220 198 183 259 22 -0.002808417
103 780 51 175 173 176 97 51 -0.008669028
373 663 277 77 90 13 98 67 -0.010983673
269 639 77 174 70 19 99 7 -0.016849663
859 838 195 110 123 100 113 264 -0.025105387
834 853 73 185 117 235 41 19 -0.02520065
651 958 170 233 65 229 72 201 -0.025550164
377 948 64 181 145 264 197 47 -0.028674504
954 766 186 41 79 172 226 141 -0.040458936
547 587 275 8 285 126 224 117 -0.048839185
811 880 65 251 226 178 161 75 -0.052958097
Mejor: 269 663 161 8 173 126 197 47 0.06808581

-------------------------------------------------
GENERACIÓN 22
263 945 191 143 68 292 258 52 0.056418806
930 451 38 94 216 286 17 20 0.036818925
834 958 170 233 65 235 41 19 0.018017845
811 880 65 251 226 126 161 75 0.00860053
651 853 73 185 117 229 72 201 0.0035604797
954 766 186 41 79 172 226 141 0.0020387152
118 753 161 128 239 101 11 177 -0.0040374603
875 883 257 208 36 34 277 55 -0.00784856
859 838 195 174 123 100 113 7 -0.009697545
445 954 47 37 256 251 52 67 -0.009836787
547 587 275 8 285 178 224 117 -0.011686054
750 853 95 220 198 183 259 22 -0.012297153
373 663 51 175 90 176 97 51 -0.025911355
103 780 277 77 173 13 98 67 -0.026396079
377 948 64 181 145 264 197 47 -0.02695287
269 639 77 110 70 19 99 264 -0.11361977
Mejor: 269 663 161 8 173 126 197 47 0.06808581

-------------------------------------------------
GENERACIÓN 23
547 587 275 8 285 178 224 117 0.021950418
651 853 73 185 117 229 72 201 0.011672008
834 958 170 251 226 126 161 75 0.005979681
750 853 95 220 198 183 259 22 -2.4636547E-4
269 639 64 110 70 264 197 264 -0.0018141359
811 880 65 233 65 235 41 19 -0.0020310294
445 954 47 37 256 251 52 67 -0.0022319506
859 838 195 174 123 100 113 7 -0.003165241
930 451 191 94 216 292 17 20 -0.007977106
377 948 77 181 145 19 99 47 -0.016431702
875 883 257 208 36 34 277 55 -0.01687668
118 753 161 128 239 101 11 177 -0.020794187
954 766 186 41 79 172 226 141 -0.026630534
103 780 277 77 173 13 98 67 -0.02700443
373 663 51 175 90 176 97 51 -0.03700517
263 945 38 143 68 286 258 52 -0.07799527
Mejor: 269 663 161 8 173 126 197 47 0.06808581

-------------------------------------------------
GENERACIÓN 24
377 451 191 94 216 292 99 47 0.01818453
445 838 195 37 256 100 52 67 0.012543526
859 954 47 174 123 251 113 7 0.0046538673
930 948 77 181 145 19 17 20 0.0034887365
103 766 277 77 79 13 226 141 0.003423846
954 780 186 41 173 172 98 67 6.759749E-4
875 883 257 208 36 34 277 55 -0.0046884343
811 639 64 110 65 235 41 264 -0.0064029456
263 663 51 143 90 286 258 51 -0.011194221
118 753 161 128 239 101 11 177 -0.015582125
750 853 95 220 198 183 259 22 -0.020657323
547 587 275 185 285 178 224 201 -0.021043135
651 853 73 8 117 229 72 117 -0.036099598
373 945 38 175 68 176 97 52 -0.03659246
269 880 65 233 70 264 197 19 -0.0564588
834 958 170 251 226 126 161 75 -0.058074605
Mejor: 269 663 161 8 173 126 197 47 0.06808581

-------------------------------------------------
GENERACIÓN 25
263 663 51 143 90 286 258 51 0.030915653
875 883 257 208 36 34 277 55 0.016352639
811 639 64 110 65 235 41 264 0.005766569
954 766 277 41 173 13 226 141 0.0044351346
859 954 47 174 123 251 113 7 0.0030327507
547 587 95 220 198 178 259 22 -0.001515353
269 958 65 251 226 264 197 19 -0.0021895596
750 853 275 185 285 183 224 201 -0.0022625104
118 753 161 128 239 101 11 177 -0.0033728804
651 853 73 8 117 229 72 117 -0.006543034
377 451 191 94 216 292 99 47 -0.009544716
373 945 38 175 68 176 97 52 -0.017648695
930 948 77 181 145 19 17 20 -0.030919954
445 838 195 37 256 100 52 67 -0.042472094
103 780 186 77 79 172 98 67 -0.053554643
834 880 170 233 70 126 161 75 -0.058462713
Mejor: 269 663 161 8 173 126 197 47 0.06808581

-------------------------------------------------
GENERACIÓN 26
263 883 257 143 90 286 258 51 0.031151967
954 766 277 41 173 13 226 141 0.020099385
875 663 51 208 36 34 277 55 0.016175894
651 853 73 128 239 229 72 117 0.003768056
118 753 161 8 117 101 11 177 6.136832E-4
269 958 65 251 226 264 197 19 -4.030143E-5
373 945 38 175 68 176 97 52 -0.0015614918
834 780 186 233 79 172 161 75 -0.002019623
859 954 95 174 198 178 113 22 -0.002585756
103 880 170 77 70 126 98 67 -0.004145549
377 451 191 94 216 292 99 47 -0.013793836
750 853 275 185 285 183 224 201 -0.028008236
930 948 77 181 145 19 17 20 -0.05410005
445 838 195 37 256 100 52 67 -0.05913837
811 639 64 110 65 235 41 264 -0.065232195
547 587 47 220 123 251 259 7 -0.07863282
Mejor: 269 663 161 8 173 126 197 47 0.06808581

-------------------------------------------------
GENERACIÓN 27
954 883 277 143 90 286 258 141 0.0049368427
373 945 38 175 68 176 97 52 0.0022060305
103 880 170 77 70 126 98 67 -9.2781923E-4
118 753 65 251 117 101 197 19 -0.0013369307
834 780 186 233 79 172 161 75 -0.002556757
377 853 191 94 285 292 224 201 -0.0026039605
859 954 95 174 198 178 113 22 -0.0050951364
750 451 275 185 216 183 99 47 -0.010560207
269 958 161 8 226 264 11 177 -0.011580765
875 853 73 208 239 34 277 117 -0.012382305
445 948 77 181 145 100 17 20 -0.01486118
263 766 257 41 173 13 226 51 -0.017325917
811 639 64 110 65 235 41 264 -0.03456417
547 587 47 220 123 251 259 7 -0.054846425
651 663 51 128 36 229 72 55 -0.060938288
930 838 195 37 256 19 52 67 -0.14691614
Mejor: 269 663 161 8 173 126 197 47 0.06808581

-------------------------------------------------
GENERACIÓN 28
263 766 257 41 173 13 226 51 0.031395286
875 853 161 208 239 264 277 117 0.028593415
651 838 51 128 36 229 72 67 0.024672272
373 945 277 175 90 286 97 141 0.010870279
103 880 170 77 70 126 98 67 0.0040185614
377 780 186 233 79 292 224 75 0.001923499
859 954 95 174 198 178 113 22 7.67143E-4
269 958 73 8 226 34 11 177 -0.0063555893
930 663 195 37 256 19 52 55 -0.0069380584
547 587 47 220 123 251 259 7 -0.008237691
750 451 275 185 216 183 99 47 -0.038614687
118 753 65 251 117 101 197 19 -0.057960052
811 639 64 110 65 235 41 264 -0.06865885
834 853 191 94 285 172 161 201 -0.098511495
954 883 38 143 68 176 258 52 -0.115089685
445 948 77 181 145 100 17 20 -0.1198672
Mejor: 269 663 161 8 173 126 197 47 0.06808581

-------------------------------------------------
GENERACIÓN 29
377 780 186 233 79 292 224 75 0.023205621
118 753 65 251 117 101 197 19 0.022339052
103 880 170 77 70 126 98 67 0.010060129
373 945 51 175 90 229 72 141 0.00946284
547 587 47 220 123 251 259 7 0.0037683388
859 954 73 8 198 178 113 22 0.002883823
930 663 195 37 256 19 52 55 0.0022737004
651 838 277 128 36 286 97 67 -0.0032834953
811 853 191 110 285 235 161 264 -0.0048809014
263 766 257 41 173 13 226 51 -0.0054506524
445 948 38 181 145 176 17 52 -0.0074943393
954 883 77 143 68 100 258 20 -0.013876542
875 853 161 208 239 264 277 117 -0.02272077
750 451 275 185 216 183 99 47 -0.029756933
269 958 95 174 226 34 11 177 -0.035300594
834 639 64 94 65 172 41 201 -0.040013466
Mejor: 269 663 161 8 173 126 197 47 0.06808581

-------------------------------------------------
GENERACIÓN 30
263 766 257 41 173 13 226 51 0.03123722
750 853 275 185 216 183 277 47 0.021832844
651 838 277 128 36 286 97 67 0.011075772
118 780 186 233 79 101 224 19 0.010659757
875 451 161 208 239 264 99 117 0.010563551
377 753 65 251 117 292 197 75 0.0036512613
811 853 191 110 285 235 161 264 0.0035224736
445 948 38 181 145 176 17 52 -0.0010196915
834 639 64 174 226 172 41 177 -0.007911411
269 958 95 94 65 34 11 201 -0.017490784
954 883 77 143 68 100 258 20 -0.025160462
373 880 170 175 70 126 98 141 -0.025970409
859 954 73 8 123 178 259 7 -0.032325838
103 945 51 77 90 229 72 67 -0.036904376
930 663 195 37 256 19 52 55 -0.04946972
547 587 47 220 198 251 113 22 -0.05748753
Mejor: 269 663 161 8 173 126 197 47 0.06808581

-------------------------------------------------
