GENERACIÓN 1
448 784 235 290 118 112 283 148 NaN
524 646 48 163 221 167 177 144 NaN
22 847 14 126 183 270 128 4 NaN
900 956 195 288 123 4 254 61 NaN
448 784 235 290 118 112 283 148 NaN
610 830 37 244 249 201 173 180 NaN
159 645 142 157 108 90 54 64 NaN
13 299 111 10 149 75 297 242 NaN
841 854 180 12 5 263 220 248 NaN
448 784 235 290 118 112 283 148 NaN
448 784 235 290 118 112 283 148 NaN

-------------------------------------------------
GENERACIÓN 2
159 645 142 157 108 90 54 64 NaN
448 784 235 290 118 112 283 148 NaN
448 784 235 290 118 112 283 148 NaN
448 784 235 290 118 112 283 148 NaN
448 784 235 290 118 112 283 148 NaN
524 646 48 163 221 167 177 144 NaN
13 299 111 10 149 75 297 242 NaN
900 956 195 288 123 4 254 61 NaN
448 784 235 290 118 112 283 148 NaN
524 646 48 163 221 167 177 144 NaN
448 784 235 290 118 112 283 148 NaN

-------------------------------------------------
GENERACIÓN 3
448 784 235 290 118 112 283 148 NaN
448 784 235 290 118 112 283 148 NaN
448 784 235 290 118 112 283 148 NaN
448 784 235 290 118 112 283 148 NaN
159 645 142 157 108 90 54 64 NaN
448 784 235 290 118 112 283 148 NaN
448 784 235 290 118 112 283 148 NaN
448 784 235 290 118 112 283 148 NaN
448 784 235 290 118 112 283 148 NaN
448 784 235 290 118 112 283 148 NaN
159 645 142 157 108 90 54 64 NaN

-------------------------------------------------
