GENERACIÓN 0
449 669 208 283 18 277 8 153 7649.0
654 764 297 77 15 107 14 57 -31463.0
799 813 182 119 268 162 158 299 -97050.0
209 945 90 73 159 128 48 288 -854436.3
209 882 287 161 4 130 53 47 -941649.7
822 868 15 240 111 14 107 253 -968102.2
449 528 124 137 37 289 69 172 -1057023.6
894 957 263 286 164 34 270 283 -1371337.6
496 594 222 294 119 86 296 119 -2114891.2
145 477 128 167 188 133 98 166 -2239364.2
705 817 138 90 100 202 277 107 -2285423.5
733 749 53 130 179 90 128 298 -2479644.8
262 827 50 27 33 289 182 278 -2990421.2
705 843 57 172 110 105 177 20 -3064730.0
357 543 277 104 281 140 125 82 -3186125.2
273 339 89 78 129 73 65 140 -3789763.0
Mejor: 449 669 208 283 18 277 8 153 7649.0

-------------------------------------------------
GENERACIÓN 1
145 477 128 167 188 133 98 166 -283155.0
273 543 89 78 281 73 125 82 -310956.34
705 749 53 130 100 202 277 107 -664285.2
449 764 297 283 15 277 8 153 -721238.5
209 882 15 161 111 130 107 47 -867490.8
449 957 124 286 37 34 270 283 -957302.5
799 813 182 73 268 128 48 299 -965643.2
209 945 90 119 159 162 158 288 -1046226.0
894 528 263 137 164 289 69 172 -1075042.0
357 339 277 104 129 140 65 140 -1353403.6
705 843 57 172 110 105 177 20 -1602656.4
496 594 222 294 119 86 296 119 -1803840.0
822 868 287 240 4 14 53 253 -2290837.5
654 669 208 77 18 107 14 57 -2632827.0
733 817 138 90 179 90 128 298 -3422381.8
262 827 50 27 33 289 182 278 -3734382.8
Mejor: 449 669 208 283 18 277 8 153 7649.0

-------------------------------------------------
GENERACIÓN 2
894 339 277 137 129 289 65 140 106447.336
496 594 57 294 110 105 177 20 -177893.33
654 669 208 77 18 107 53 57 -294307.0
145 477 128 167 188 133 98 166 -354293.34
449 764 53 130 100 202 8 107 -561299.8
209 813 90 119 268 128 48 299 -794571.7
262 827 50 27 33 289 182 278 -897793.8
705 749 297 283 15 277 277 153 -982543.5
209 882 124 286 37 130 270 283 -1229997.9
449 957 15 161 111 34 107 47 -1269013.5
799 945 182 73 159 162 158 288 -1295212.4
357 528 263 104 164 140 69 172 -1537554.6
733 817 138 90 179 90 128 298 -1677052.6
705 843 222 172 119 86 296 119 -1790070.5
273 543 89 78 281 73 125 82 -2916160.0
822 868 287 240 4 14 14 253 -5076206.5
Mejor: 894 339 277 137 129 289 65 140 106447.336

-------------------------------------------------
GENERACIÓN 3
894 594 57 137 129 289 65 140 321229.0
449 882 15 286 111 130 270 283 77169.664
357 528 263 104 164 140 69 172 -514234.34
209 764 53 130 268 128 48 107 -548532.5
799 945 182 73 159 162 158 288 -1029633.3
654 669 208 167 18 133 53 166 -1133376.0
273 868 89 240 281 14 14 253 -1179608.9
262 749 297 283 15 277 277 278 -1212713.0
449 813 90 119 100 202 8 299 -1421816.5
496 339 277 294 110 105 177 20 -1569699.5
705 843 138 90 119 90 296 119 -1582389.1
145 477 128 77 188 107 98 57 -1641251.6
822 543 287 78 4 73 125 82 -2630148.8
705 827 50 27 33 289 182 153 -2657368.8
733 817 222 172 179 86 128 298 -2952102.8
209 957 124 161 37 34 107 47 -2991055.2
Mejor: 894 594 57 137 129 289 65 140 321229.0

-------------------------------------------------
GENERACIÓN 4
496 339 277 294 110 105 177 20 858662.8
705 843 138 90 119 90 296 119 260471.0
894 882 15 137 129 130 270 283 -670571.7
799 945 182 73 159 162 158 288 -756253.7
705 827 50 27 33 289 182 153 -1039628.0
654 669 208 167 18 133 53 166 -1062933.0
209 957 124 161 37 34 107 47 -1373513.4
449 594 57 286 111 289 65 140 -1450342.0
449 813 90 119 100 202 8 299 -1486272.5
273 868 89 240 15 277 277 253 -1593828.0
357 764 263 130 164 140 48 172 -1804021.6
209 528 53 104 268 128 69 107 -2169833.2
822 543 287 78 4 73 125 82 -2196684.8
145 477 128 77 188 107 98 57 -2425372.8
262 749 297 283 281 14 14 278 -3014212.0
733 817 222 172 179 86 128 298 -3137680.8
Mejor: 496 339 277 294 110 105 177 20 858662.8

-------------------------------------------------
GENERACIÓN 5
705 339 277 90 119 105 296 119 -119602.0
209 957 57 286 111 34 107 140 -127371.0
449 594 124 161 37 289 65 47 -587513.7
705 827 50 27 33 289 182 153 -745096.8
799 945 15 137 129 162 158 288 -761187.3
273 868 89 240 15 277 277 253 -1029431.8
449 813 90 119 100 202 8 299 -1062029.6
145 477 287 77 188 107 98 57 -1205381.0
262 817 297 283 179 14 128 298 -1321542.9
496 843 138 294 110 90 177 20 -1914245.9
822 543 128 78 4 73 125 82 -1939849.5
733 749 222 172 281 86 14 278 -2738072.2
654 669 208 167 18 133 53 166 -2956354.8
357 764 263 130 164 140 48 172 -3275046.8
209 528 53 104 268 128 69 107 -3390058.8
894 882 182 73 159 130 270 283 -4317269.0
Mejor: 496 339 277 294 110 105 177 20 858662.8

-------------------------------------------------
GENERACIÓN 6
145 477 287 77 188 107 98 57 -191524.5
822 543 222 172 4 86 14 278 -554139.2
273 868 89 240 15 277 277 253 -695614.3
262 843 297 283 110 90 128 20 -714787.5
654 669 208 167 18 133 48 166 -736114.7
357 764 263 130 164 140 53 172 -786552.0
209 528 53 104 268 128 69 107 -856738.0
894 882 182 73 159 130 270 283 -954720.8
496 817 138 294 179 14 177 298 -1499601.6
799 945 15 137 129 162 158 288 -1542934.1
705 827 50 27 33 289 182 153 -1867845.1
209 957 57 286 111 34 107 140 -1952218.4
705 339 277 90 119 105 296 119 -1974996.6
449 594 124 161 37 289 65 47 -2197601.2
449 813 90 119 100 202 8 299 -2207769.8
733 749 128 78 281 73 125 82 -2618463.8
Mejor: 496 339 277 294 110 105 177 20 858662.8

-------------------------------------------------
GENERACIÓN 7
209 957 57 286 111 34 107 140 -128783.664
894 882 182 73 159 130 270 283 -447494.16
262 843 297 283 110 277 128 253 -653234.7
273 868 89 240 15 90 277 20 -730784.3
449 749 90 119 281 73 125 299 -926480.5
496 817 138 294 179 14 177 298 -939039.8
799 945 15 137 129 162 158 288 -963274.8
705 339 277 90 119 105 296 119 -995153.2
209 528 53 104 268 128 69 107 -1004803.3
733 813 128 78 100 202 8 82 -1043106.3
705 827 50 27 33 289 182 153 -1075895.1
145 477 287 77 188 107 98 57 -1080843.6
449 594 124 161 37 289 65 47 -1265570.1
357 764 263 130 164 140 53 172 -1611543.6
822 543 222 172 4 86 14 278 -1975210.9
654 669 208 167 18 133 48 166 -3331238.0
Mejor: 496 339 277 294 110 105 177 20 858662.8

-------------------------------------------------
GENERACIÓN 8
654 543 222 167 4 133 14 278 -71720.164
822 669 208 172 18 86 48 166 -186563.33
209 528 53 78 100 202 8 82 -252495.83
357 764 263 130 37 140 53 47 -354397.34
145 827 287 77 188 289 182 57 -610149.8
894 882 182 73 159 130 270 283 -758603.3
262 843 297 283 110 277 128 253 -932759.0
273 868 89 240 15 90 277 20 -936488.7
496 817 138 294 179 14 177 298 -1009978.7
449 749 90 119 281 73 125 299 -1169839.1
705 339 277 90 119 105 296 119 -1247022.0
733 813 128 104 268 128 69 107 -1459760.9
209 957 57 286 111 34 107 140 -1472129.9
705 477 50 27 33 107 98 153 -1669380.4
449 594 124 161 164 289 65 172 -2285587.8
799 945 15 137 129 162 158 288 -2667189.2
Mejor: 496 339 277 294 110 105 177 20 858662.8

-------------------------------------------------
GENERACIÓN 9
262 843 297 283 110 277 128 253 454451.16
705 339 128 104 268 128 296 107 -96116.664
273 868 89 240 15 90 277 20 -206036.33
496 749 138 294 179 73 177 299 -471012.0
822 669 208 167 4 133 14 166 -797021.8
449 817 90 119 281 14 125 298 -819885.3
357 764 263 130 37 140 53 47 -1050569.1
209 957 57 286 111 34 107 140 -1429004.1
799 945 15 161 164 289 158 288 -1435266.0
894 882 182 73 159 130 270 283 -1485972.5
449 594 124 137 129 162 65 172 -1735714.6
705 477 50 27 33 107 98 153 -1970164.4
654 543 222 172 18 86 48 278 -2308500.5
209 528 53 78 100 202 8 82 -2465255.0
145 827 287 77 188 289 182 57 -2748373.2
733 813 277 90 119 105 69 119 -3017899.2
Mejor: 496 339 277 294 110 105 177 20 858662.8

-------------------------------------------------
GENERACIÓN 10
209 957 57 286 111 34 107 140 -186894.5
799 945 15 161 164 289 158 288 -461490.66
894 882 182 73 159 130 270 283 -577034.2
733 813 277 77 188 289 69 57 -608937.3
705 843 297 283 110 277 128 253 -751923.2
654 543 222 172 18 86 48 278 -978239.3
449 669 208 119 281 133 125 166 -1189213.0
357 764 263 130 37 140 53 47 -1526617.5
262 339 128 104 268 128 296 107 -1743501.4
209 528 53 78 100 202 8 82 -1919644.1
822 817 90 167 4 14 14 298 -2026455.9
496 749 138 294 179 73 177 299 -2250530.8
449 594 124 137 129 162 65 172 -2436172.0
273 868 89 240 15 90 277 20 -3177076.2
145 827 287 90 119 105 182 119 -3292920.8
705 477 50 27 33 107 98 153 -3599425.0
Mejor: 496 339 277 294 110 105 177 20 858662.8

-------------------------------------------------
GENERACIÓN 11
357 669 208 130 281 133 125 166 781029.7
654 543 222 172 110 277 48 278 -651000.2
449 764 263 119 37 140 53 47 -660872.3
273 868 89 240 15 90 277 20 -1260152.6
449 594 124 137 129 162 65 172 -1404511.5
262 339 128 104 268 128 296 107 -1504383.0
705 843 297 283 18 86 128 253 -1632845.1
822 749 90 167 4 14 14 299 -1693160.0
799 945 15 161 164 289 158 288 -1881034.9
145 827 287 90 119 105 182 119 -1941842.9
209 957 57 286 111 34 107 140 -2056591.1
496 817 138 294 179 73 177 298 -2200442.2
733 813 277 73 159 130 69 57 -2828488.0
894 882 182 77 188 289 270 283 -2867909.8
705 477 50 27 33 107 98 153 -3599400.0
209 528 53 78 100 202 8 82 -3853861.8
Mejor: 496 339 277 294 110 105 177 20 858662.8

-------------------------------------------------
GENERACIÓN 12
209 957 57 286 111 34 107 140 -68945.836
273 868 89 119 37 140 277 20 -198469.67
894 882 182 77 188 289 270 283 -475880.0
145 827 287 90 119 105 182 119 -536643.7
733 813 277 73 159 130 69 57 -1338229.5
799 945 15 161 164 289 158 288 -1565745.4
654 669 208 172 110 133 125 166 -1604604.0
449 764 263 240 15 90 53 47 -1727633.5
357 543 222 130 281 277 48 278 -1765539.9
209 528 50 27 33 107 98 153 -1907253.5
705 477 53 78 100 202 8 82 -2213326.0
262 339 124 137 129 162 65 172 -2255494.8
496 817 138 294 179 73 177 298 -2705089.2
449 594 128 104 268 128 296 107 -2875568.0
822 843 297 167 18 14 14 253 -3175480.8
705 749 90 283 4 86 128 299 -3384944.8
Mejor: 496 339 277 294 110 105 177 20 858662.8

-------------------------------------------------
GENERACIÓN 13
209 868 57 286 37 140 277 140 627418.5
733 813 277 73 159 130 69 57 -73651.164
209 543 222 27 33 277 48 153 -662707.0
894 882 182 77 188 289 270 283 -874193.8
449 764 263 240 15 90 53 47 -1076183.9
822 749 297 283 4 14 14 253 -1137632.5
273 957 89 119 111 34 107 20 -1295968.1
496 594 128 294 179 73 177 298 -1766221.1
262 339 124 78 100 162 8 172 -1906406.9
357 528 50 130 281 107 98 278 -1924222.4
799 945 15 161 164 289 158 288 -1983710.9
654 669 208 172 110 133 125 166 -2347398.2
145 827 287 90 119 105 182 119 -2632108.0
449 817 138 104 268 128 296 107 -3350993.8
705 843 90 167 18 86 128 299 -3357859.2
705 477 53 137 129 202 65 82 -3790528.8
Mejor: 496 339 277 294 110 105 177 20 858662.8

-------------------------------------------------
GENERACIÓN 14
705 843 90 167 18 86 128 299 -106520.5
262 339 124 78 100 162 8 172 -259928.5
799 945 15 161 164 133 125 288 -318763.84
733 813 277 73 159 140 277 140 -335629.0
705 477 53 137 129 202 65 82 -422521.34
894 882 182 77 188 289 270 283 -625036.3
145 827 287 90 268 105 296 107 -714185.5
357 528 50 130 281 107 98 278 -937652.8
449 749 297 240 4 90 14 253 -984488.7
822 764 263 283 15 14 53 47 -992072.8
654 669 208 172 110 289 158 166 -1480429.9
449 817 138 104 119 128 182 119 -1630506.9
273 957 89 119 111 34 107 20 -1808110.6
496 594 128 294 179 73 177 298 -2233311.2
209 543 222 27 33 277 48 153 -2241777.2
209 868 57 286 37 130 69 57 -2246205.2
Mejor: 496 339 277 294 110 105 177 20 858662.8

-------------------------------------------------
GENERACIÓN 15
705 477 182 137 129 289 270 82 284907.0
449 817 208 104 119 128 182 119 -343825.5
449 749 297 240 4 90 14 253 -616440.8
822 764 263 283 15 14 53 47 -680996.8
209 543 222 27 37 277 48 57 -852588.7
799 945 15 161 164 133 125 288 -856756.7
357 528 50 130 281 107 98 278 -1080662.6
496 594 128 294 179 34 177 298 -1109236.1
654 669 138 172 110 289 158 166 -1186050.4
894 882 53 77 188 202 65 283 -1403860.0
262 339 124 167 100 86 8 299 -1483201.5
705 843 90 78 18 162 128 172 -1929843.5
273 957 89 119 111 73 107 20 -2046402.1
145 827 287 90 268 105 296 107 -2382688.2
209 868 57 286 33 130 69 153 -2403501.5
733 813 277 73 159 140 277 140 -2509794.5
Mejor: 496 339 277 294 110 105 177 20 858662.8

-------------------------------------------------
GENERACIÓN 16
273 957 89 119 111 73 107 20 312728.34
209 868 57 286 33 130 69 153 7887.5
449 817 182 104 119 289 182 119 -334654.66
654 882 53 77 188 289 65 283 -373810.0
705 843 90 78 18 162 128 172 -779780.8
799 945 222 27 37 133 125 57 -920938.2
733 813 277 73 159 140 277 140 -1050933.6
262 339 124 167 100 86 8 299 -1099557.9
894 669 138 172 110 202 158 166 -1211263.0
449 764 297 240 4 14 14 253 -1485173.6
209 543 15 161 164 277 48 288 -1688117.0
496 594 128 294 179 34 177 298 -1770459.4
822 749 263 283 15 90 53 47 -1798104.5
145 827 287 90 268 105 296 107 -1810734.6
357 528 50 130 281 107 98 278 -2790233.8
705 477 208 137 129 128 270 82 -3233515.2
Mejor: 496 339 277 294 110 105 177 20 858662.8

-------------------------------------------------
GENERACIÓN 17
449 764 297 172 110 14 14 253 608604.3
799 843 90 27 37 162 125 172 -1006262.0
145 749 263 90 268 90 296 47 -1088098.6
273 868 89 286 111 130 69 20 -1112956.0
209 957 57 119 33 73 107 153 -1133226.6
449 817 182 104 119 289 182 119 -1305485.5
262 339 124 167 100 86 8 299 -1333280.0
357 528 50 130 281 107 98 278 -1499223.1
733 813 277 73 159 140 277 140 -1882672.1
705 945 222 78 18 133 128 57 -1905644.1
209 594 128 294 164 34 177 288 -2067969.5
822 827 287 283 15 105 53 107 -2244862.8
894 669 138 240 4 202 158 166 -2278921.2
496 543 15 161 179 277 48 298 -2494541.0
654 882 53 77 188 289 65 283 -2587437.0
705 477 208 137 129 128 270 82 -3994853.0
Mejor: 496 339 277 294 110 105 177 20 858662.8

-------------------------------------------------
GENERACIÓN 18
705 477 208 137 129 128 270 82 132716.0
449 957 57 119 119 73 107 153 -591068.7
799 764 297 172 37 14 125 253 -651874.8
654 882 53 77 188 289 65 283 -705319.3
209 594 287 283 164 105 53 288 -913053.3
273 868 89 286 111 130 69 47 -1066332.1
894 669 138 240 4 202 158 166 -1077868.0
357 339 124 130 281 107 98 299 -1134486.0
449 843 90 27 110 162 14 172 -1162906.6
496 543 15 161 179 277 48 298 -1419142.4
705 945 222 78 18 133 128 57 -1428986.5
209 817 182 104 33 289 182 119 -2075672.6
145 749 263 90 268 90 296 20 -2354907.0
262 528 50 167 100 86 8 278 -2456939.2
822 827 128 294 15 34 177 107 -2761352.0
733 813 277 73 159 140 277 140 -4031348.8
Mejor: 496 339 277 294 110 105 177 20 858662.8

-------------------------------------------------
GENERACIÓN 19
822 827 128 294 15 34 177 107 852911.7
449 957 57 119 119 73 107 153 -270655.5
209 594 89 286 164 130 69 47 -580660.8
449 543 90 161 179 277 14 172 -624043.7
273 868 287 283 111 105 53 288 -715497.7
357 339 124 240 4 202 98 299 -957047.2
209 817 182 104 33 289 182 119 -992223.3
262 528 50 90 100 86 296 20 -1083662.1
799 882 53 172 37 14 125 253 -1184100.6
145 749 263 167 268 90 8 278 -1471456.6
733 813 277 73 159 140 277 140 -1950595.0
654 764 297 77 188 289 65 283 -2263817.2
496 843 15 27 110 162 48 298 -2453413.0
705 477 208 137 129 128 270 82 -3661358.8
705 945 222 78 18 133 128 57 -4054995.0
894 669 138 130 281 107 158 166 -4143996.0
Mejor: 496 339 277 294 110 105 177 20 858662.8

-------------------------------------------------
GENERACIÓN 20
799 882 53 172 37 14 8 278 -322875.0
357 339 124 240 111 105 98 299 -748303.2
654 764 277 77 188 140 277 140 -887141.0
449 957 57 119 119 73 107 153 -942585.2
894 669 138 130 281 107 158 166 -1346202.4
262 817 182 104 33 289 182 20 -1372126.4
209 594 89 286 164 130 69 47 -1385762.6
145 749 263 167 268 90 125 253 -1572394.0
705 945 222 78 18 133 128 57 -1647131.5
822 827 128 294 15 34 177 107 -1702172.4
496 843 15 27 110 162 48 298 -1994730.9
705 477 208 137 129 128 270 82 -2025027.9
733 813 297 73 159 289 65 283 -2345143.8
449 543 90 161 179 277 14 172 -2485090.0
273 868 287 283 4 202 53 288 -2570113.8
209 528 50 90 100 86 296 119 -2702734.2
Mejor: 496 339 277 294 110 105 177 20 858662.8

-------------------------------------------------
