GENERACIÓN 1
412 854 12 84 143 8 287 30 0.137575
260 652 136 132 159 215 32 67 0.13630506
260 652 136 132 159 215 32 67 0.13630506
260 652 136 132 159 215 32 67 0.13630506
260 652 136 132 159 215 32 67 0.13630506
953 955 49 53 55 196 21 201 0.11844201
709 714 248 64 254 181 202 71 0.09696303
328 854 230 259 143 215 287 67 0.07529464
433 546 12 84 158 8 127 30 0.054095283
328 854 136 132 143 215 287 120 0.04144304
328 854 230 172 143 99 287 120 0.024640713

-------------------------------------------------
GENERACIÓN 2
412 854 12 84 143 8 287 30 0.137575
412 854 12 84 143 8 287 30 0.137575
412 854 12 84 143 8 287 30 0.137575
260 652 136 132 159 215 32 67 0.13630506
260 652 136 132 159 215 32 67 0.13630506
260 652 136 132 159 215 32 67 0.13630506
260 652 136 132 159 215 32 67 0.13630506
260 652 136 132 159 215 32 67 0.13630506
260 652 136 132 159 215 32 67 0.13630506
260 652 136 132 159 215 32 67 0.13630506
260 652 136 132 159 215 32 67 0.13630506

-------------------------------------------------
GENERACIÓN 3
412 854 12 132 143 215 287 30 0.1498396
412 854 12 84 143 8 287 30 0.1380765
412 854 12 84 143 8 287 30 0.137575
412 854 12 84 143 8 287 30 0.137575
412 854 12 84 143 8 287 30 0.137575
412 854 12 84 143 8 287 30 0.137575
412 854 12 84 143 8 287 30 0.137575
260 652 136 132 159 215 32 67 0.13630506
260 652 136 132 159 215 32 67 0.13630506
260 652 136 132 159 215 32 67 0.13630506
260 652 136 132 159 215 32 67 0.13630506

-------------------------------------------------
GENERACIÓN 4
412 854 12 132 143 215 287 30 0.1498396
412 854 12 132 143 215 287 30 0.1498396
412 854 12 132 143 215 287 30 0.1498396
412 854 12 132 143 215 287 30 0.1498396
412 854 12 84 143 8 287 30 0.1380765
412 854 12 84 143 8 287 30 0.1380765
412 854 12 84 143 8 287 30 0.137575
412 854 12 84 143 8 287 30 0.137575
412 854 12 84 143 8 287 30 0.137575
412 854 12 84 143 8 287 30 0.137575
412 854 12 84 143 8 287 30 0.137575

-------------------------------------------------
GENERACIÓN 5
412 854 12 132 143 215 287 30 0.1498396
412 854 12 132 143 215 287 30 0.1498396
412 854 12 132 143 215 287 30 0.1498396
412 854 12 132 143 215 287 30 0.1498396
412 854 12 132 143 215 287 30 0.1498396
412 854 12 132 143 215 287 30 0.1498396
412 854 12 132 143 215 287 30 0.1498396
412 854 12 132 143 215 287 30 0.1498396
412 854 12 84 143 8 287 30 0.1380765
412 854 12 84 143 8 287 30 0.1380765
412 854 12 84 143 8 287 30 0.1380765

-------------------------------------------------
GENERACIÓN 6
412 854 12 132 143 215 287 30 0.17332938
412 854 12 132 143 215 287 30 0.1498396
412 854 12 132 143 215 287 30 0.1498396
412 854 12 132 143 215 287 30 0.1498396
412 854 12 132 143 215 287 30 0.1498396
412 854 12 132 143 215 287 30 0.1498396
412 854 12 132 143 215 287 30 0.1498396
412 854 12 132 143 215 287 30 0.1498396
412 854 12 132 143 215 287 30 0.1498396
412 854 12 132 143 215 287 30 0.1498396
412 854 12 132 143 215 287 30 0.1498396

-------------------------------------------------
GENERACIÓN 7
412 854 12 132 143 215 287 30 0.17332938
412 854 12 132 143 215 287 30 0.17332938
412 854 12 132 143 215 287 30 0.1498396
412 854 12 132 143 215 287 30 0.1498396
412 854 12 132 143 215 287 30 0.1498396
412 854 12 132 143 215 287 30 0.1498396
412 854 12 132 143 215 287 30 0.1498396
412 854 12 132 143 215 287 30 0.1498396
412 854 12 132 143 215 287 30 0.1498396
412 854 12 132 143 215 287 30 0.1498396
412 854 12 132 143 215 287 30 0.1498396

-------------------------------------------------
GENERACIÓN 8
412 854 12 132 143 215 287 30 0.17332938
412 854 12 132 143 215 287 30 0.17332938
412 854 12 132 143 215 287 30 0.17332938
412 854 12 132 143 215 287 30 0.17332938
412 854 12 132 143 215 287 30 0.17332938
412 854 12 132 143 215 287 30 0.1498396
412 854 12 132 143 215 287 30 0.1498396
412 854 12 132 143 215 287 30 0.1498396
412 854 12 132 143 215 287 30 0.1498396
412 854 12 132 143 215 287 30 0.1498396
412 854 12 132 143 215 287 30 0.1498396

-------------------------------------------------
GENERACIÓN 9
412 854 12 132 143 215 287 30 0.17332938
412 854 12 132 143 215 287 30 0.17332938
412 854 12 132 143 215 287 30 0.17332938
412 854 12 132 143 215 287 30 0.17332938
412 854 12 132 143 215 287 30 0.17332938
412 854 12 132 143 215 287 30 0.17332938
412 854 12 132 143 215 287 30 0.17332938
412 854 12 132 143 215 287 30 0.17332938
412 854 12 132 143 215 287 30 0.17332938
412 854 12 132 143 215 287 30 0.1498396
412 854 12 132 143 215 287 30 0.1498396

-------------------------------------------------
GENERACIÓN 10
412 854 12 132 143 215 287 30 0.17332938
412 854 12 132 143 215 287 30 0.17332938
412 854 12 132 143 215 287 30 0.17332938
412 854 12 132 143 215 287 30 0.17332938
412 854 12 132 143 215 287 30 0.17332938
412 854 12 132 143 215 287 30 0.17332938
412 854 12 132 143 215 287 30 0.17332938
412 854 12 132 143 215 287 30 0.17332938
412 854 12 132 143 215 287 30 0.17332938
412 854 12 132 143 215 287 30 0.17332938
412 854 12 132 143 215 287 30 0.17332938

-------------------------------------------------
GENERACIÓN 11
412 854 12 132 143 215 287 30 0.17332938
412 854 12 132 143 215 287 30 0.17332938
412 854 12 132 143 215 287 30 0.17332938
412 854 12 132 143 215 287 30 0.17332938
412 854 12 132 143 215 287 30 0.17332938
412 854 12 132 143 215 287 30 0.17332938
412 854 12 132 143 215 287 30 0.17332938
412 854 12 132 143 215 287 30 0.17332938
412 854 12 132 143 215 287 30 0.17332938
412 854 12 132 143 215 287 30 0.17332938
412 854 12 132 143 215 287 30 0.17332938

-------------------------------------------------
GENERACIÓN 12
412 854 12 132 143 215 287 30 0.17332938
412 854 12 132 143 215 287 30 0.17332938
412 854 12 132 143 215 287 30 0.17332938
412 854 12 132 143 215 287 30 0.17332938
412 854 12 132 143 215 287 30 0.17332938
412 854 12 132 143 215 287 30 0.17332938
412 854 12 132 143 215 287 30 0.17332938
412 854 12 132 143 215 287 30 0.17332938
412 854 12 132 143 215 287 30 0.17332938
412 854 12 132 143 215 287 30 0.17332938
412 854 12 132 143 215 287 30 0.17332938

-------------------------------------------------
GENERACIÓN 13
412 854 12 132 143 215 287 30 0.17332938
412 854 12 132 143 215 287 30 0.17332938
412 854 12 132 143 215 287 30 0.17332938
412 854 12 132 143 215 287 30 0.17332938
412 854 12 132 143 215 287 30 0.17332938
412 854 12 132 143 215 287 30 0.17332938
412 854 12 132 143 215 287 30 0.17332938
412 854 12 132 143 215 287 30 0.17332938
412 854 12 132 143 215 287 30 0.17332938
412 854 12 132 143 215 287 30 0.17332938
412 854 12 132 143 215 287 30 0.17332938

-------------------------------------------------
GENERACIÓN 14
412 854 12 132 143 215 287 30 0.17332938
412 854 12 132 143 215 287 30 0.17332938
412 854 12 132 143 215 287 30 0.17332938
412 854 12 132 143 215 287 30 0.17332938
412 854 12 132 143 215 287 30 0.17332938
412 854 12 132 143 215 287 30 0.17332938
412 854 12 132 143 215 287 30 0.17332938
412 854 12 132 143 215 287 30 0.17332938
412 854 12 132 143 215 287 30 0.17332938
412 854 12 132 143 215 287 30 0.17332938
412 854 12 132 143 215 287 30 0.17332938

-------------------------------------------------
GENERACIÓN 15
412 854 12 132 143 215 287 30 0.17332938
412 854 12 132 143 215 287 30 0.17332938
412 854 12 132 143 215 287 30 0.17332938
412 854 12 132 143 215 287 30 0.17332938
412 854 12 132 143 215 287 30 0.17332938
412 854 12 132 143 215 287 30 0.17332938
412 854 12 132 143 215 287 30 0.17332938
412 854 12 132 143 215 287 30 0.17332938
412 854 12 132 143 215 287 30 0.17332938
412 854 12 132 143 215 287 30 0.17332938
412 854 12 132 143 215 287 30 0.17332938

-------------------------------------------------
GENERACIÓN 16
412 854 12 132 143 215 287 30 0.17332938
412 854 12 132 143 215 287 30 0.17332938
412 854 12 132 143 215 287 30 0.17332938
412 854 12 132 143 215 287 30 0.17332938
412 854 12 132 143 215 287 30 0.17332938
412 854 12 132 143 215 287 30 0.17332938
412 854 12 132 143 215 287 30 0.17332938
412 854 12 132 143 215 287 30 0.17332938
412 854 12 132 143 215 287 30 0.17332938
412 854 12 132 143 215 287 30 0.17332938
412 854 12 132 143 215 287 30 0.17332938

-------------------------------------------------
GENERACIÓN 17
412 854 12 132 143 215 287 30 0.17332938
412 854 12 132 143 215 287 30 0.17332938
412 854 12 132 143 215 287 30 0.17332938
412 854 12 132 143 215 287 30 0.17332938
412 854 12 132 143 215 287 30 0.17332938
412 854 12 132 143 215 287 30 0.17332938
412 854 12 132 143 215 287 30 0.17332938
412 854 12 132 143 215 287 30 0.17332938
412 854 12 132 143 215 287 30 0.17332938
412 854 12 132 143 215 287 30 0.17332938
412 854 12 132 143 215 287 30 0.17332938

-------------------------------------------------
GENERACIÓN 18
412 854 12 132 143 215 287 30 0.17332938
412 854 12 132 143 215 287 30 0.17332938
412 854 12 132 143 215 287 30 0.17332938
412 854 12 132 143 215 287 30 0.17332938
412 854 12 132 143 215 287 30 0.17332938
412 854 12 132 143 215 287 30 0.17332938
412 854 12 132 143 215 287 30 0.17332938
412 854 12 132 143 215 287 30 0.17332938
412 854 12 132 143 215 287 30 0.17332938
412 854 12 132 143 215 287 30 0.17332938
412 854 12 132 143 215 287 30 0.17332938

-------------------------------------------------
GENERACIÓN 19
412 854 12 132 143 215 287 30 0.17332938
412 854 12 132 143 215 287 30 0.17332938
412 854 12 132 143 215 287 30 0.17332938
412 854 12 132 143 215 287 30 0.17332938
412 854 12 132 143 215 287 30 0.17332938
412 854 12 132 143 215 287 30 0.17332938
412 854 12 132 143 215 287 30 0.17332938
412 854 12 132 143 215 287 30 0.17332938
412 854 12 132 143 215 287 30 0.17332938
412 854 12 132 143 215 287 30 0.17332938
412 854 12 132 143 215 287 30 0.17332938

-------------------------------------------------
GENERACIÓN 20
412 854 12 132 143 215 287 30 0.17332938
412 854 12 132 143 215 287 30 0.17332938
412 854 12 132 143 215 287 30 0.17332938
412 854 12 132 143 215 287 30 0.17332938
412 854 12 132 143 215 287 30 0.17332938
412 854 12 132 143 215 287 30 0.17332938
412 854 12 132 143 215 287 30 0.17332938
412 854 12 132 143 215 287 30 0.17332938
412 854 12 132 143 215 287 30 0.17332938
412 854 12 132 143 215 287 30 0.17332938
412 854 12 132 143 215 287 30 0.17332938

-------------------------------------------------
GENERACIÓN 21
412 854 12 132 143 215 287 30 0.17332938
412 854 12 132 143 215 287 30 0.17332938
412 854 12 132 143 215 287 30 0.17332938
412 854 12 132 143 215 287 30 0.17332938
412 854 12 132 143 215 287 30 0.17332938
412 854 12 132 143 215 287 30 0.17332938
412 854 12 132 143 215 287 30 0.17332938
412 854 12 132 143 215 287 30 0.17332938
412 854 12 132 143 215 287 30 0.17332938
412 854 12 132 143 215 287 30 0.17332938
412 854 12 132 143 215 287 30 0.17332938

-------------------------------------------------
GENERACIÓN 22
412 854 12 132 143 215 287 30 0.17332938
412 854 12 132 143 215 287 30 0.17332938
412 854 12 132 143 215 287 30 0.17332938
412 854 12 132 143 215 287 30 0.17332938
412 854 12 132 143 215 287 30 0.17332938
412 854 12 132 143 215 287 30 0.17332938
412 854 12 132 143 215 287 30 0.17332938
412 854 12 132 143 215 287 30 0.17332938
412 854 12 132 143 215 287 30 0.17332938
412 854 12 132 143 215 287 30 0.17332938
412 854 12 132 143 215 287 30 0.17332938

-------------------------------------------------
GENERACIÓN 23
412 854 12 132 143 215 287 30 0.17332938
412 854 12 132 143 215 287 30 0.17332938
412 854 12 132 143 215 287 30 0.17332938
412 854 12 132 143 215 287 30 0.17332938
412 854 12 132 143 215 287 30 0.17332938
412 854 12 132 143 215 287 30 0.17332938
412 854 12 132 143 215 287 30 0.17332938
412 854 12 132 143 215 287 30 0.17332938
412 854 12 132 143 215 287 30 0.17332938
412 854 12 132 143 215 287 30 0.17332938
412 854 12 132 143 215 287 30 0.17332938

-------------------------------------------------
GENERACIÓN 24
412 854 12 132 143 215 287 30 0.17332938
412 854 12 132 143 215 287 30 0.17332938
412 854 12 132 143 215 287 30 0.17332938
412 854 12 132 143 215 287 30 0.17332938
412 854 12 132 143 215 287 30 0.17332938
412 854 12 132 143 215 287 30 0.17332938
412 854 12 132 143 215 287 30 0.17332938
412 854 12 132 143 215 287 30 0.17332938
412 854 12 132 143 215 287 30 0.17332938
412 854 12 132 143 215 287 30 0.17332938
412 854 12 132 143 215 287 30 0.17332938

-------------------------------------------------
GENERACIÓN 25
412 854 12 132 143 215 287 30 0.17332938
412 854 12 132 143 215 287 30 0.17332938
412 854 12 132 143 215 287 30 0.17332938
412 854 12 132 143 215 287 30 0.17332938
412 854 12 132 143 215 287 30 0.17332938
412 854 12 132 143 215 287 30 0.17332938
412 854 12 132 143 215 287 30 0.17332938
412 854 12 132 143 215 287 30 0.17332938
412 854 12 132 143 215 287 30 0.17332938
412 854 12 132 143 215 287 30 0.17332938
412 854 12 132 143 215 287 30 0.17332938

-------------------------------------------------
GENERACIÓN 26
412 854 12 132 143 215 287 30 0.20621781
412 854 12 132 143 215 287 30 0.17332938
412 854 12 132 143 215 287 30 0.17332938
412 854 12 132 143 215 287 30 0.17332938
412 854 12 132 143 215 287 30 0.17332938
412 854 12 132 143 215 287 30 0.17332938
412 854 12 132 143 215 287 30 0.17332938
412 854 12 132 143 215 287 30 0.17332938
412 854 12 132 143 215 287 30 0.17332938
412 854 12 132 143 215 287 30 0.17332938
412 854 12 132 143 215 287 30 0.17332938

-------------------------------------------------
GENERACIÓN 27
412 854 12 132 143 215 287 30 0.20621781
412 854 12 132 143 215 287 30 0.20621781
412 854 12 132 143 215 287 30 0.20621781
412 854 12 132 143 215 287 30 0.17332938
412 854 12 132 143 215 287 30 0.17332938
412 854 12 132 143 215 287 30 0.17332938
412 854 12 132 143 215 287 30 0.17332938
412 854 12 132 143 215 287 30 0.17332938
412 854 12 132 143 215 287 30 0.17332938
412 854 12 132 143 215 287 30 0.17332938
412 854 12 132 143 215 287 30 0.17332938

-------------------------------------------------
GENERACIÓN 28
412 854 12 132 143 215 287 30 0.20621781
412 854 12 132 143 215 287 30 0.20621781
412 854 12 132 143 215 287 30 0.20621781
412 854 12 132 143 215 287 30 0.20621781
412 854 12 132 143 215 287 30 0.20621781
412 854 12 132 143 215 287 30 0.17332938
412 854 12 132 143 215 287 30 0.17332938
412 854 12 132 143 215 287 30 0.17332938
412 854 12 132 143 215 287 30 0.17332938
412 854 12 132 143 215 287 30 0.17332938
412 854 12 132 143 215 287 30 0.17332938

-------------------------------------------------
GENERACIÓN 29
412 854 12 132 143 215 287 30 0.20621781
412 854 12 132 143 215 287 30 0.20621781
412 854 12 132 143 215 287 30 0.20621781
412 854 12 132 143 215 287 30 0.20621781
412 854 12 132 143 215 287 30 0.20621781
412 854 12 132 143 215 287 30 0.20621781
412 854 12 132 143 215 287 30 0.20621781
412 854 12 132 143 215 287 30 0.20621781
412 854 12 132 143 215 287 30 0.20621781
412 854 12 132 143 215 287 30 0.17332938
412 854 12 132 143 215 287 30 0.17332938

-------------------------------------------------
