GENERACIÓN 0
915 942 295 123 220 141 183 119 -8247524.0
283 821 154 151 79 265 32 159 -8457973.0
706 727 196 159 10 219 11 228 -8723284.0
648 780 193 54 191 195 197 78 -9133239.0
792 867 128 279 73 10 53 137 -9330574.0
939 952 53 138 275 276 97 282 -9391295.0
466 905 219 149 150 253 234 19 -9712247.0
114 656 230 141 225 187 214 33 -1.0108357E7
155 196 150 285 24 275 42 57 -1.0276415E7
567 714 196 67 148 101 168 38 -1.0283827E7
890 908 215 48 148 11 64 251 -1.1069832E7
272 509 278 213 180 209 290 173 -1.1126041E7
611 880 75 71 5 182 84 151 -1.1164737E7
627 627 186 198 99 238 293 108 -1.1893297E7
287 821 206 12 145 60 38 96 -1.203648E7
692 831 165 9 194 93 157 96 -1.2297873E7
Mejor: 915 942 295 123 220 141 183 119 -8247524.0

-------------------------------------------------
GENERACIÓN 1
283 821 154 151 79 275 42 159 -7375346.0
466 905 219 149 150 253 234 19 -7875842.0
283 821 154 151 79 275 42 159 -7375346.0
283 821 154 151 79 265 32 159 -8457973.0
939 952 154 151 275 276 97 282 -8499375.0
706 727 196 159 10 219 11 228 -8723284.0
648 780 193 54 191 195 197 78 -8775297.0
648 780 193 54 191 195 197 78 -9133239.0
939 952 128 138 73 276 53 137 -9148588.0
283 821 53 138 79 265 32 159 -9307579.0
792 867 128 279 73 10 53 137 -9330574.0
939 952 53 138 275 276 97 282 -9391295.0
155 942 150 285 220 275 42 57 -9423965.0
648 780 193 54 191 195 197 78 -9475497.0
466 905 219 149 150 253 234 19 -9712247.0
155 196 150 285 24 265 32 57 -9801753.0
Mejor: 283 821 154 151 79 275 42 159 -7375346.0

-------------------------------------------------
GENERACIÓN 2
283 821 154 151 79 265 32 159 -5506023.5
283 821 154 151 79 275 42 159 -7211480.5
283 821 154 151 79 275 42 159 -7375346.0
283 821 154 151 79 265 32 159 -5506023.5
466 905 219 149 150 253 234 19 -7875842.0
283 821 154 151 79 275 42 159 -8411839.0
283 952 128 151 79 275 53 137 -8420485.0
283 821 154 151 79 265 32 159 -8457973.0
939 952 154 151 275 276 97 282 -8499375.0
648 821 193 151 191 275 42 159 -8589463.0
706 727 196 159 10 219 11 228 -8723284.0
648 780 193 54 191 195 197 78 -8775297.0
283 821 154 151 79 275 42 159 -8872337.0
648 780 193 54 191 195 197 78 -9133239.0
939 952 128 138 73 276 53 137 -9148588.0
939 952 154 151 275 276 97 282 -9168784.0
Mejor: 283 821 154 151 79 265 32 159 -5506023.5

-------------------------------------------------
GENERACIÓN 3
283 821 154 151 79 265 32 159 -5506023.5
283 821 154 151 79 265 32 159 -5506023.5
283 821 154 151 79 275 42 159 -7211480.5
283 821 154 151 79 275 42 159 -7375346.0
283 821 154 151 79 265 32 159 -7784557.5
466 905 219 149 150 253 234 19 -7875842.0
283 821 154 151 79 275 42 159 -8411839.0
283 952 128 151 79 275 53 137 -8420485.0
283 821 154 151 79 265 32 159 -8457973.0
939 952 154 151 275 276 97 282 -8499375.0
648 821 154 151 191 275 42 159 -8549336.0
283 821 154 151 79 275 32 159 -8553125.0
648 821 193 151 191 275 42 159 -8589463.0
706 727 196 159 10 219 11 228 -8723284.0
648 780 193 54 191 195 197 78 -8775297.0
283 821 154 151 79 275 42 159 -8872337.0
Mejor: 283 821 154 151 79 265 32 159 -5506023.5

-------------------------------------------------
GENERACIÓN 4
283 821 154 151 79 265 32 159 -5506023.5
283 821 154 151 79 265 32 159 -5506023.5
283 821 154 151 79 275 42 159 -7211480.5
283 821 154 151 79 275 42 159 -7375346.0
283 821 154 151 79 265 32 159 -7784557.5
466 905 219 149 150 253 234 19 -7875842.0
283 821 154 151 79 275 32 159 -7930732.5
466 952 219 149 275 276 234 282 -8075600.5
283 821 154 151 79 265 32 159 -8205772.0
283 821 154 151 79 275 42 159 -8411839.0
283 952 128 151 79 275 53 137 -8420485.0
283 821 154 151 79 265 32 159 -8457973.0
939 952 154 151 275 276 97 282 -8499375.0
648 821 154 151 191 275 42 159 -8549336.0
283 821 154 151 79 275 32 159 -8553125.0
648 821 193 151 191 275 42 159 -8589463.0
Mejor: 283 821 154 151 79 265 32 159 -5506023.5

-------------------------------------------------
GENERACIÓN 5
283 821 154 151 79 265 32 159 -5506023.5
283 821 154 151 79 265 32 159 -5506023.5
466 952 154 151 275 275 234 282 -6877384.0
283 821 154 151 79 275 42 159 -7211480.5
283 821 154 151 79 275 42 159 -7375346.0
283 952 128 151 79 275 53 137 -7538548.5
283 821 154 151 79 265 32 159 -7784557.5
466 905 219 149 150 253 234 19 -7875842.0
283 821 154 151 79 275 32 159 -7930732.5
283 821 154 151 79 275 42 159 -7950545.5
466 952 219 149 275 276 234 282 -8075600.5
283 821 154 151 79 265 32 159 -8205772.0
283 821 154 151 79 275 42 159 -8297254.5
283 821 154 151 79 275 42 159 -8411839.0
283 952 128 151 79 275 53 137 -8420485.0
283 821 154 151 79 265 32 159 -8457973.0
Mejor: 283 821 154 151 79 265 32 159 -5506023.5

-------------------------------------------------
GENERACIÓN 6
283 821 154 151 79 265 32 159 -5506023.5
283 821 154 151 79 265 32 159 -5506023.5
283 821 154 151 79 265 32 159 -6411483.5
466 952 154 151 275 275 234 282 -6877384.0
283 821 128 151 79 275 53 137 -7082895.5
283 821 154 151 79 275 42 159 -7211480.5
283 821 154 151 79 275 42 159 -7375346.0
283 952 128 151 79 275 53 137 -7538548.5
283 821 154 151 79 265 32 159 -7784557.5
283 952 154 151 79 275 42 159 -7842996.5
466 905 219 149 150 253 234 19 -7875842.0
283 821 154 151 79 275 32 159 -7930732.5
283 821 154 151 79 275 42 159 -7950545.5
466 952 219 149 275 276 234 282 -8075600.5
283 821 154 151 79 265 32 159 -8205772.0
283 821 154 151 79 275 42 159 -8297254.5
Mejor: 283 821 154 151 79 265 32 159 -5506023.5

-------------------------------------------------
GENERACIÓN 7
283 821 154 151 79 265 32 159 -5506023.5
283 821 154 151 79 265 32 159 -5506023.5
283 821 154 151 79 265 32 159 -6411483.5
466 952 154 151 275 275 234 282 -6877384.0
283 821 128 151 79 275 53 137 -7030788.0
283 821 128 151 79 275 53 137 -7082895.5
283 952 154 151 79 275 42 159 -7203562.5
283 821 154 151 79 275 42 159 -7211480.5
283 821 154 151 79 275 42 159 -7375346.0
283 952 128 151 79 275 53 137 -7538548.5
283 821 154 151 79 265 32 159 -7784557.5
283 952 154 151 79 275 42 159 -7842996.5
466 905 219 149 150 253 234 19 -7875842.0
283 821 154 151 79 265 32 159 -7885841.5
283 821 154 151 79 275 32 159 -7930732.5
283 821 154 151 79 275 42 159 -7950545.5
Mejor: 283 821 154 151 79 265 32 159 -5506023.5

-------------------------------------------------
GENERACIÓN 8
283 821 154 151 79 265 32 159 -5506023.5
283 821 154 151 79 265 32 159 -5506023.5
283 821 154 151 79 265 32 159 -6411483.5
466 952 154 151 275 275 234 282 -6877384.0
283 952 128 151 79 275 53 137 -6986682.5
283 821 128 151 79 275 53 137 -7030788.0
283 821 128 151 79 275 53 137 -7082895.5
283 952 154 151 79 275 42 159 -7203562.5
283 821 154 151 79 275 42 159 -7211480.5
283 821 154 151 79 275 42 159 -7375346.0
283 952 128 151 79 275 53 137 -7538548.5
283 821 154 151 79 265 32 159 -7784557.5
283 952 154 151 79 275 42 159 -7842996.5
466 905 219 149 150 253 234 19 -7875842.0
283 821 154 151 79 265 32 159 -7885841.5
283 821 154 151 79 275 32 159 -7930732.5
Mejor: 283 821 154 151 79 265 32 159 -5506023.5

-------------------------------------------------
GENERACIÓN 9
283 821 154 151 79 265 32 159 -5506023.5
283 821 154 151 79 265 32 159 -5506023.5
283 821 154 151 79 265 32 159 -6411483.5
466 952 154 151 275 275 234 282 -6877384.0
283 952 128 151 79 275 53 137 -6986682.5
283 821 128 151 79 275 53 137 -7030788.0
283 821 128 151 79 275 53 137 -7082895.5
283 952 154 151 79 275 42 159 -7203562.5
283 821 154 151 79 275 42 159 -7211480.5
283 821 154 151 79 275 42 159 -7373580.0
283 821 154 151 79 275 42 159 -7375346.0
283 952 128 151 79 275 53 137 -7538548.5
283 821 128 151 79 275 42 137 -7564394.0
283 821 154 151 79 265 32 159 -7784557.5
283 821 128 151 79 265 53 159 -7784810.0
283 952 154 151 79 275 42 159 -7842996.5
Mejor: 283 821 154 151 79 265 32 159 -5506023.5

-------------------------------------------------
GENERACIÓN 10
283 821 154 151 79 265 32 159 -5506023.5
283 821 154 151 79 265 32 159 -5506023.5
283 821 128 151 79 265 32 137 -6208961.5
283 821 154 151 79 265 32 159 -6411483.5
466 952 154 151 275 275 234 282 -6877384.0
283 952 128 151 79 275 53 137 -6986682.5
283 821 128 151 79 275 53 137 -7030788.0
283 821 128 151 79 275 53 137 -7082895.5
283 952 154 151 79 275 42 159 -7203562.5
283 821 154 151 79 275 42 159 -7211480.5
283 821 154 151 79 275 42 159 -7373580.0
283 821 154 151 79 275 42 159 -7375346.0
283 952 128 151 79 275 53 137 -7538548.5
283 821 128 151 79 275 42 137 -7564394.0
283 821 154 151 79 265 32 159 -7784557.5
283 821 128 151 79 265 53 159 -7784810.0
Mejor: 283 821 154 151 79 265 32 159 -5506023.5

-------------------------------------------------
GENERACIÓN 11
283 821 154 151 79 265 32 159 -5506023.5
283 821 154 151 79 265 32 159 -5506023.5
283 821 128 151 79 265 32 137 -6208961.5
283 821 154 151 79 265 32 159 -6411483.5
466 952 154 151 275 275 234 282 -6877384.0
283 952 128 151 79 275 53 137 -6986682.5
283 821 128 151 79 275 53 137 -7030788.0
283 821 128 151 79 275 53 137 -7082895.5
283 952 154 151 79 275 42 159 -7203562.5
283 821 154 151 79 275 42 159 -7211480.5
283 821 154 151 79 275 42 159 -7373580.0
283 821 154 151 79 275 42 159 -7375346.0
283 952 128 151 79 275 53 137 -7538548.5
283 821 128 151 79 275 42 137 -7564394.0
283 821 154 151 79 265 32 159 -7784557.5
283 821 128 151 79 265 53 159 -7784810.0
Mejor: 283 821 154 151 79 265 32 159 -5506023.5

-------------------------------------------------
GENERACIÓN 12
283 821 154 151 79 265 32 159 -5506023.5
283 821 154 151 79 265 32 159 -5506023.5
283 821 154 151 79 265 53 159 -6178808.0
283 821 128 151 79 265 32 137 -6208961.5
283 821 154 151 79 265 32 159 -6411483.5
466 952 154 151 275 275 234 282 -6877384.0
283 952 128 151 79 275 53 137 -6986682.5
283 821 128 151 79 275 53 137 -7030788.0
283 821 128 151 79 275 53 137 -7082895.5
283 952 154 151 79 275 42 159 -7203562.5
283 821 154 151 79 275 42 159 -7211480.5
283 821 154 151 79 275 42 159 -7373580.0
283 821 154 151 79 275 42 159 -7375346.0
283 952 154 151 79 275 32 282 -7392740.0
283 952 128 151 79 275 53 137 -7538548.5
283 821 128 151 79 275 42 137 -7564394.0
Mejor: 283 821 154 151 79 265 32 159 -5506023.5

-------------------------------------------------
GENERACIÓN 13
283 821 154 151 79 265 32 159 -5506023.5
283 821 154 151 79 265 32 159 -5506023.5
283 821 154 151 79 265 53 159 -6178808.0
283 821 128 151 79 265 32 137 -6208961.5
283 821 154 151 79 265 32 159 -6411483.5
466 952 154 151 275 275 234 282 -6877384.0
466 952 154 151 275 275 32 282 -6914304.0
283 952 128 151 79 275 53 137 -6986682.5
283 821 128 151 79 275 53 137 -7030788.0
283 952 154 151 79 265 234 159 -7069452.0
283 821 128 151 79 275 53 137 -7082895.5
283 952 154 151 79 275 42 159 -7203562.5
283 821 154 151 79 275 42 159 -7211480.5
283 821 154 151 79 275 42 159 -7373580.0
283 821 154 151 79 275 42 159 -7375346.0
283 952 154 151 79 275 32 282 -7392740.0
Mejor: 283 821 154 151 79 265 32 159 -5506023.5

-------------------------------------------------
GENERACIÓN 14
283 821 154 151 79 265 32 159 -5506023.5
283 821 154 151 79 265 32 159 -5506023.5
283 821 154 151 79 265 53 159 -6178808.0
283 821 128 151 79 265 32 137 -6208961.5
283 821 154 151 79 265 32 159 -6411483.5
466 952 154 151 275 275 234 282 -6877384.0
466 952 154 151 275 275 32 282 -6914304.0
283 952 128 151 79 275 53 137 -6986682.5
283 821 128 151 79 275 53 137 -7030788.0
283 952 154 151 79 265 234 159 -7069452.0
283 821 128 151 79 275 53 137 -7082895.5
283 821 154 151 79 265 32 159 -7107036.0
283 952 154 151 79 275 42 159 -7203562.5
283 821 154 151 79 275 42 159 -7211480.5
283 821 154 151 79 275 42 159 -7373580.0
283 821 154 151 79 275 42 159 -7375346.0
Mejor: 283 821 154 151 79 265 32 159 -5506023.5

-------------------------------------------------
GENERACIÓN 15
283 821 154 151 79 265 32 159 -5506023.5
283 821 154 151 79 265 32 159 -5506023.5
283 821 154 151 79 265 53 159 -6178808.0
283 821 128 151 79 265 32 137 -6208961.5
283 821 154 151 79 265 32 159 -6411483.5
283 821 154 151 79 265 32 159 -6612076.0
466 952 154 151 275 275 234 282 -6877384.0
466 952 154 151 275 275 32 282 -6914304.0
283 952 128 151 79 275 53 137 -6986682.5
283 821 128 151 79 275 53 137 -7030788.0
283 952 154 151 79 265 234 159 -7069452.0
283 821 128 151 79 275 53 137 -7082895.5
283 821 154 151 79 265 32 159 -7107036.0
283 952 154 151 79 275 42 159 -7203562.5
283 821 154 151 79 275 42 159 -7211480.5
283 821 154 151 79 275 42 159 -7373580.0
Mejor: 283 821 154 151 79 265 32 159 -5506023.5

-------------------------------------------------
GENERACIÓN 16
283 821 154 151 79 265 32 159 -5506023.5
283 821 154 151 79 265 32 159 -5506023.5
283 821 154 151 79 265 53 159 -6178808.0
283 821 128 151 79 265 32 137 -6208961.5
283 821 154 151 79 265 32 159 -6411483.5
283 821 154 151 79 265 32 159 -6612076.0
283 821 154 151 79 265 32 159 -6781944.0
466 952 154 151 275 275 234 282 -6877384.0
466 952 154 151 275 275 32 282 -6914304.0
283 952 128 151 79 275 53 137 -6986682.5
283 821 128 151 79 275 53 137 -7030788.0
283 952 154 151 79 265 234 159 -7069452.0
283 821 128 151 79 275 53 137 -7082895.5
283 821 154 151 79 265 32 159 -7107036.0
283 952 154 151 79 275 42 159 -7203562.5
283 821 154 151 79 275 42 159 -7211480.5
Mejor: 283 821 154 151 79 265 32 159 -5506023.5

-------------------------------------------------
GENERACIÓN 17
283 821 154 151 79 265 32 159 -5506023.5
283 821 154 151 79 265 32 159 -5506023.5
283 821 154 151 79 265 53 159 -6178808.0
283 821 128 151 79 265 32 137 -6208961.5
283 821 154 151 79 265 32 159 -6411483.5
283 821 154 151 79 265 32 159 -6612076.0
283 821 154 151 79 265 32 159 -6781944.0
466 952 154 151 275 275 234 282 -6877384.0
466 952 154 151 275 275 32 282 -6914304.0
283 952 128 151 79 275 53 137 -6986682.5
283 821 128 151 79 275 53 137 -7030788.0
283 952 154 151 79 265 234 159 -7069452.0
283 821 128 151 79 275 53 137 -7082895.5
283 821 154 151 79 265 32 159 -7107036.0
283 952 154 151 79 275 42 159 -7203562.5
283 821 154 151 79 275 42 159 -7211480.5
Mejor: 283 821 154 151 79 265 32 159 -5506023.5

-------------------------------------------------
GENERACIÓN 18
283 821 154 151 79 265 32 159 -5506023.5
283 821 154 151 79 265 32 159 -5506023.5
283 821 154 151 79 265 53 159 -6178808.0
283 821 128 151 79 265 32 137 -6208961.5
283 821 154 151 79 265 32 159 -6411483.5
283 821 154 151 79 265 32 159 -6612076.0
283 821 154 151 79 265 32 159 -6781944.0
466 952 154 151 275 275 234 282 -6877384.0
466 952 154 151 275 275 32 282 -6914304.0
283 952 128 151 79 275 53 137 -6986682.5
283 821 128 151 79 275 53 137 -7030788.0
283 952 154 151 79 265 234 159 -7069452.0
283 821 128 151 79 275 53 137 -7082895.5
283 821 154 151 79 265 32 159 -7107036.0
283 952 154 151 79 275 42 159 -7203562.5
283 821 154 151 79 275 42 159 -7211480.5
Mejor: 283 821 154 151 79 265 32 159 -5506023.5

-------------------------------------------------
GENERACIÓN 19
283 821 154 151 79 265 32 159 -5506023.5
283 821 154 151 79 265 32 159 -5506023.5
283 821 154 151 79 265 53 159 -6178808.0
283 821 128 151 79 265 32 137 -6208961.5
283 821 154 151 79 265 32 159 -6411483.5
283 821 154 151 79 265 32 159 -6612076.0
283 821 154 151 79 265 32 159 -6781944.0
466 952 154 151 275 275 234 282 -6877384.0
466 952 154 151 275 275 32 282 -6914304.0
283 952 128 151 79 275 53 137 -6986682.5
283 821 128 151 79 275 53 137 -7030788.0
283 952 154 151 79 265 234 159 -7069452.0
283 821 128 151 79 275 53 137 -7082895.5
283 821 154 151 79 265 32 159 -7107036.0
283 952 154 151 79 275 42 159 -7203562.5
283 821 154 151 79 275 42 159 -7211480.5
Mejor: 283 821 154 151 79 265 32 159 -5506023.5

-------------------------------------------------
GENERACIÓN 20
283 821 154 151 79 265 32 159 -5506023.5
283 821 154 151 79 265 32 159 -5506023.5
283 821 154 151 79 265 53 159 -6178808.0
283 821 128 151 79 265 32 137 -6208961.5
283 821 154 151 79 265 32 159 -6411483.5
283 821 154 151 79 265 32 159 -6612076.0
283 821 154 151 79 265 32 159 -6743666.5
283 821 154 151 79 265 32 159 -6781944.0
466 952 154 151 275 275 234 282 -6877384.0
466 952 154 151 275 275 32 282 -6914304.0
283 952 128 151 79 275 53 137 -6986682.5
283 821 128 151 79 275 53 137 -7030788.0
283 952 154 151 79 265 234 159 -7069452.0
283 821 128 151 79 275 53 137 -7082895.5
283 821 154 151 79 265 32 159 -7107036.0
283 952 154 151 79 275 42 159 -7203562.5
Mejor: 283 821 154 151 79 265 32 159 -5506023.5

-------------------------------------------------
