GENERACIÓN 0
400 699 175 195 274 148 230 282 -3630437.2
369 913 105 289 201 71 15 292 -3834528.0
19 808 130 221 70 3 118 250 -3971714.0
435 607 115 35 18 46 192 291 -4067280.0
103 644 229 221 248 257 262 5 -4094866.8
221 270 110 200 268 9 182 24 -4166221.2
858 897 234 17 98 279 131 226 -4744712.0
169 785 215 148 4 57 74 144 -4790330.5
233 767 10 236 115 105 36 187 -5818632.5
606 623 48 42 211 291 210 13 -5894056.0
717 886 164 24 80 270 215 219 -6058643.5
876 886 147 114 168 121 95 114 -6580007.5
956 959 176 83 211 203 150 106 -6728518.5
522 700 153 129 27 243 2 269 -7008897.5
930 946 167 68 52 226 212 39 -7175122.5
900 905 44 250 89 158 286 125 -7573304.5
Mejor: 400 699 175 195 274 148 230 282 -3630437.2

-------------------------------------------------
GENERACIÓN 1
369 913 105 289 201 71 15 292 -2891464.8
858 897 234 17 98 279 131 226 -3224555.0
400 699 175 195 274 148 230 282 -3630437.2
369 913 105 289 201 71 15 292 -3834528.0
19 808 130 221 70 3 118 250 -3971714.0
435 607 115 35 18 46 192 291 -4067280.0
103 644 229 221 248 257 262 5 -4094866.8
221 270 110 200 268 9 182 24 -4166221.2
233 767 10 236 115 105 36 187 -4434096.5
369 913 105 289 201 71 15 292 -4470242.5
369 913 105 289 201 71 15 292 -4644181.5
435 607 115 35 18 46 192 291 -4691956.5
858 897 234 17 98 279 131 226 -4744712.0
169 785 215 148 4 57 74 144 -4790330.5
233 959 176 236 211 203 36 187 -5185477.5
369 699 105 289 201 148 15 292 -5256500.5
Mejor: 369 913 105 289 201 71 15 292 -2891464.8

-------------------------------------------------
GENERACIÓN 2
369 913 105 289 201 71 15 292 -2891464.8
858 897 234 17 98 279 131 226 -3224555.0
221 270 110 200 268 9 182 24 -3595616.0
400 699 175 195 274 148 230 282 -3630437.2
369 913 105 289 201 71 15 292 -3834528.0
19 808 130 221 70 3 118 250 -3971714.0
435 607 115 35 18 46 192 291 -4067280.0
103 644 229 221 248 257 262 5 -4094866.8
221 270 110 200 268 9 182 24 -4166221.2
858 897 234 17 98 279 131 226 -4263406.5
19 808 130 221 70 3 118 250 -4323582.0
369 913 105 289 201 71 15 292 -4406430.5
233 767 10 236 115 105 36 187 -4434096.5
369 913 105 289 201 71 15 292 -4470242.5
369 913 105 289 201 71 15 292 -4644181.5
435 607 115 35 18 46 192 291 -4691956.5
Mejor: 369 913 105 289 201 71 15 292 -2891464.8

-------------------------------------------------
GENERACIÓN 3
369 913 105 289 201 71 15 292 -2891464.8
103 644 229 221 248 257 262 5 -3008302.2
858 897 234 17 98 279 131 226 -3224555.0
221 270 110 200 268 9 182 24 -3595616.0
400 699 175 195 274 148 230 282 -3630437.2
19 808 130 221 70 3 118 250 -3787072.8
369 913 105 289 201 71 15 292 -3834528.0
19 808 130 221 70 3 118 250 -3971714.0
435 607 115 35 18 46 192 291 -4067280.0
103 644 229 221 248 257 262 5 -4094866.8
221 270 110 200 268 9 182 24 -4166221.2
858 897 234 17 98 279 131 226 -4263406.5
19 808 130 221 70 3 118 250 -4323582.0
369 913 105 289 201 71 15 292 -4406430.5
233 767 10 236 115 105 36 187 -4434096.5
369 913 105 289 201 71 15 292 -4470242.5
Mejor: 369 913 105 289 201 71 15 292 -2891464.8

-------------------------------------------------
GENERACIÓN 4
369 913 105 289 201 71 15 292 -2891464.8
103 644 229 221 248 257 262 5 -3008302.2
858 897 234 17 98 279 131 226 -3224555.0
221 270 110 200 268 9 182 24 -3595616.0
400 699 175 195 274 148 230 282 -3630437.2
19 808 130 221 70 3 118 250 -3787072.8
369 913 105 289 201 71 15 292 -3834528.0
19 808 130 221 70 3 118 250 -3971714.0
435 607 115 35 18 46 192 291 -4067280.0
103 644 229 221 248 257 262 5 -4094866.8
221 270 110 200 268 9 182 24 -4166221.2
858 897 234 17 98 279 131 226 -4263406.5
19 808 130 221 70 3 118 250 -4323582.0
221 644 229 200 268 257 262 5 -4375470.5
369 913 105 289 201 71 15 292 -4406430.5
233 767 10 236 115 105 36 187 -4434096.5
Mejor: 369 913 105 289 201 71 15 292 -2891464.8

-------------------------------------------------
GENERACIÓN 5
369 913 105 289 201 71 15 292 -2891464.8
103 644 229 221 248 257 262 5 -3008302.2
858 897 234 17 98 279 131 226 -3224555.0
103 644 229 221 274 148 230 5 -3298614.2
221 270 110 200 268 9 182 24 -3595616.0
400 699 175 195 274 148 230 282 -3630437.2
858 270 110 17 98 9 131 24 -3662320.2
19 808 130 221 70 3 118 250 -3787072.8
369 913 105 289 201 71 15 292 -3834528.0
19 808 130 221 70 3 118 250 -3971714.0
435 607 115 35 18 46 192 291 -4067280.0
103 644 229 221 248 257 262 5 -4094866.8
221 270 110 200 268 9 182 24 -4166221.2
858 897 234 17 98 279 131 226 -4263406.5
19 808 130 221 70 3 118 250 -4323582.0
221 644 229 200 268 257 262 5 -4375470.5
Mejor: 369 913 105 289 201 71 15 292 -2891464.8

-------------------------------------------------
GENERACIÓN 6
369 913 105 289 201 71 15 292 -2891464.8
103 644 229 221 248 257 262 5 -3008302.2
858 897 234 17 98 279 131 226 -3224555.0
103 644 229 221 274 148 230 5 -3298614.2
221 270 110 200 268 9 182 24 -3595616.0
400 699 175 195 274 148 230 282 -3630437.2
858 270 110 17 98 9 131 24 -3662320.2
19 808 130 221 70 3 118 250 -3787072.8
369 913 105 289 201 71 15 292 -3834528.0
19 808 130 221 70 3 118 250 -3971714.0
435 607 115 35 18 46 192 291 -4067280.0
103 644 229 221 248 257 262 5 -4094866.8
221 270 110 200 268 9 182 24 -4166221.2
858 897 234 17 98 279 131 226 -4263406.5
19 808 130 221 70 3 118 250 -4323582.0
221 644 229 200 268 257 262 5 -4375470.5
Mejor: 369 913 105 289 201 71 15 292 -2891464.8

-------------------------------------------------
GENERACIÓN 7
369 913 105 289 201 71 15 292 -2891464.8
103 644 229 221 248 257 262 5 -3008302.2
858 897 234 17 98 279 131 226 -3224555.0
103 644 229 221 274 148 230 5 -3298614.2
400 699 175 195 274 148 230 282 -3561641.0
221 270 110 200 268 9 182 24 -3595616.0
400 699 175 195 274 148 230 282 -3630437.2
858 270 110 17 98 9 131 24 -3662320.2
19 808 130 221 70 3 118 250 -3787072.8
369 913 105 289 201 71 15 292 -3834528.0
858 270 110 17 98 9 131 24 -3968858.0
19 808 130 221 70 3 118 250 -3971714.0
435 607 115 35 18 46 192 291 -4067280.0
103 644 229 221 248 257 262 5 -4094866.8
221 270 110 200 268 9 182 24 -4166221.2
858 897 234 17 98 279 131 226 -4263406.5
Mejor: 369 913 105 289 201 71 15 292 -2891464.8

-------------------------------------------------
GENERACIÓN 8
103 644 234 17 98 279 131 226 -2628110.2
369 913 105 289 201 71 15 292 -2891464.8
103 644 229 221 248 257 262 5 -3008302.2
858 897 234 17 98 279 131 226 -3224555.0
103 644 229 221 274 148 230 5 -3298614.2
400 699 175 195 274 148 230 282 -3561641.0
221 270 110 200 268 9 182 24 -3595616.0
400 699 175 195 274 148 230 282 -3630437.2
858 270 110 17 98 9 131 24 -3662320.2
19 808 130 221 70 3 118 250 -3787072.8
369 913 105 289 201 71 15 292 -3834528.0
103 644 229 221 248 257 262 5 -3884599.0
858 270 110 17 98 9 131 24 -3968858.0
19 808 130 221 70 3 118 250 -3971714.0
369 913 105 289 201 71 15 292 -3997761.8
435 607 115 35 18 46 192 291 -4067280.0
Mejor: 103 644 234 17 98 279 131 226 -2628110.2

-------------------------------------------------
GENERACIÓN 9
103 644 234 17 98 279 131 226 -2628110.2
369 913 105 289 201 71 15 292 -2891464.8
369 644 229 289 248 71 15 5 -2903008.2
103 644 229 221 248 257 262 5 -3008302.2
858 897 234 17 98 279 131 226 -3224555.0
103 644 229 221 274 148 230 5 -3298614.2
103 644 234 17 98 279 131 226 -3496798.8
400 699 175 195 274 148 230 282 -3561641.0
221 270 110 200 268 9 182 24 -3595616.0
103 644 229 221 98 257 262 226 -3616156.0
400 699 175 195 274 148 230 282 -3630437.2
858 270 110 17 98 9 131 24 -3662320.2
369 913 105 289 201 71 15 292 -3706314.0
19 808 130 221 70 3 118 250 -3787072.8
369 913 105 289 201 71 15 292 -3834528.0
103 644 229 221 248 257 262 5 -3884599.0
Mejor: 103 644 234 17 98 279 131 226 -2628110.2

-------------------------------------------------
GENERACIÓN 10
103 644 234 17 98 279 131 226 -2628110.2
369 913 105 289 201 71 15 292 -2891464.8
369 644 229 289 248 71 15 5 -2903008.2
103 644 229 221 248 257 262 5 -3008302.2
103 644 229 221 98 257 230 226 -3222063.2
858 897 234 17 98 279 131 226 -3224555.0
103 644 229 221 274 148 230 5 -3298614.2
221 270 110 17 268 9 182 24 -3375874.8
103 644 234 17 98 279 131 226 -3496798.8
400 699 175 195 274 148 230 282 -3561641.0
221 270 110 200 268 9 182 24 -3595616.0
103 644 229 221 98 257 262 226 -3616156.0
400 699 175 195 274 148 230 282 -3630437.2
858 270 110 17 98 9 131 24 -3662320.2
369 913 105 289 201 71 15 292 -3706314.0
19 808 130 221 70 3 118 250 -3787072.8
Mejor: 103 644 234 17 98 279 131 226 -2628110.2

-------------------------------------------------
GENERACIÓN 11
103 644 234 17 98 279 131 226 -2628110.2
369 913 105 289 201 71 15 292 -2891464.8
369 644 229 289 248 71 15 5 -2903008.2
103 644 229 221 248 257 262 5 -3008302.2
103 644 229 221 98 257 230 226 -3222063.2
858 897 234 17 98 279 131 226 -3224555.0
103 644 229 221 274 148 230 5 -3298614.2
221 270 110 17 268 9 182 24 -3375874.8
103 644 234 17 98 279 131 226 -3496798.8
400 699 175 195 274 148 230 282 -3561641.0
221 270 110 200 268 9 182 24 -3595616.0
103 644 229 221 98 257 262 226 -3616156.0
400 699 175 195 274 148 230 282 -3630437.2
858 270 110 17 98 9 131 24 -3662320.2
369 913 105 289 201 71 15 292 -3706314.0
19 808 130 221 70 3 118 250 -3787072.8
Mejor: 103 644 234 17 98 279 131 226 -2628110.2

-------------------------------------------------
GENERACIÓN 12
103 644 229 221 98 257 230 226 -2576325.2
103 644 234 17 98 279 131 226 -2628110.2
103 644 229 221 98 257 230 226 -2687147.8
369 913 105 289 201 71 15 292 -2891464.8
369 644 229 289 248 71 15 5 -2903008.2
103 644 229 221 248 257 262 5 -3008302.2
103 644 229 221 98 257 230 226 -3222063.2
858 897 234 17 98 279 131 226 -3224555.0
103 644 229 221 274 148 230 5 -3298614.2
221 270 110 17 268 9 182 24 -3375874.8
369 644 229 221 201 257 262 5 -3425756.8
103 644 234 17 98 279 131 226 -3496798.8
400 699 175 195 274 148 230 282 -3561641.0
221 270 110 200 268 9 182 24 -3595616.0
103 644 229 221 98 257 262 226 -3616156.0
400 699 175 195 274 148 230 282 -3630437.2
Mejor: 103 644 229 221 98 257 230 226 -2576325.2

-------------------------------------------------
GENERACIÓN 13
103 644 229 221 98 257 230 226 -2576325.2
103 644 234 17 98 279 131 226 -2628110.2
103 644 229 221 98 257 230 226 -2687147.8
369 913 105 289 201 71 15 292 -2891464.8
369 644 229 289 248 71 15 5 -2903008.2
103 644 229 221 248 257 262 5 -3008302.2
103 644 229 221 98 257 230 226 -3222063.2
858 897 234 17 98 279 131 226 -3224555.0
103 644 229 221 274 148 230 5 -3298614.2
221 270 110 17 268 9 182 24 -3375874.8
369 644 229 221 201 257 262 5 -3425756.8
103 644 234 17 98 279 131 226 -3496798.8
400 699 175 195 274 148 230 282 -3561641.0
221 270 110 200 268 9 182 24 -3595616.0
103 644 229 221 98 257 262 226 -3616156.0
400 699 175 195 274 148 230 282 -3630437.2
Mejor: 103 644 229 221 98 257 230 226 -2576325.2

-------------------------------------------------
GENERACIÓN 14
103 644 229 221 98 257 230 226 -2576325.2
103 644 234 17 98 279 131 226 -2628110.2
103 644 229 221 98 257 230 226 -2687147.8
103 644 229 221 98 257 230 226 -2707727.8
369 913 105 289 201 71 15 292 -2891464.8
369 644 229 289 248 71 15 5 -2903008.2
103 644 229 221 248 257 262 5 -3008302.2
103 644 229 221 98 257 230 226 -3222063.2
858 897 234 17 98 279 131 226 -3224555.0
103 644 229 221 274 148 230 5 -3298614.2
221 270 110 17 268 9 182 24 -3375874.8
369 644 229 221 201 257 262 5 -3425756.8
103 644 234 17 98 279 131 226 -3496798.8
400 699 175 195 274 148 230 282 -3561641.0
221 270 110 200 268 9 182 24 -3595616.0
103 644 229 221 98 257 262 226 -3616156.0
Mejor: 103 644 229 221 98 257 230 226 -2576325.2

-------------------------------------------------
GENERACIÓN 15
103 644 229 221 98 257 230 226 -2576325.2
103 644 234 17 98 279 131 226 -2628110.2
103 644 229 221 98 257 230 226 -2687147.8
103 644 229 221 98 257 230 226 -2707727.8
369 913 105 289 201 71 15 292 -2891464.8
369 644 229 289 248 71 15 5 -2903008.2
103 644 229 221 248 257 262 5 -3008302.2
221 270 110 17 268 9 182 24 -3086434.0
103 644 229 221 98 257 230 226 -3222063.2
858 897 234 17 98 279 131 226 -3224555.0
103 644 229 221 274 148 230 5 -3298614.2
221 270 110 17 268 9 182 24 -3375874.8
369 644 229 221 201 257 262 5 -3425756.8
103 644 229 221 98 257 230 226 -3491904.8
103 644 234 17 98 279 131 226 -3496798.8
400 699 175 195 274 148 230 282 -3561641.0
Mejor: 103 644 229 221 98 257 230 226 -2576325.2

-------------------------------------------------
GENERACIÓN 16
103 644 229 221 98 257 230 226 -2576325.2
103 644 234 17 98 279 131 226 -2628110.2
103 644 229 221 98 257 230 226 -2687147.8
103 644 229 221 98 257 230 226 -2707727.8
369 913 105 289 201 71 15 292 -2891464.8
369 644 229 289 248 71 15 5 -2903008.2
103 644 229 221 248 257 262 5 -3008302.2
221 270 110 17 268 9 182 24 -3086434.0
103 644 229 221 98 257 230 226 -3222063.2
858 897 234 17 98 279 131 226 -3224555.0
221 913 105 17 201 71 182 24 -3285035.2
103 644 229 221 274 148 230 5 -3298614.2
221 270 110 17 268 9 182 24 -3375874.8
369 644 229 221 201 257 262 5 -3425756.8
103 644 229 221 98 257 230 226 -3491904.8
103 644 234 17 98 279 131 226 -3496798.8
Mejor: 103 644 229 221 98 257 230 226 -2576325.2

-------------------------------------------------
GENERACIÓN 17
103 644 229 221 98 257 230 226 -2576325.2
103 644 234 17 98 279 131 226 -2628110.2
103 644 229 221 98 257 230 226 -2687147.8
103 644 229 221 98 257 230 226 -2707727.8
369 913 105 289 201 71 15 292 -2891464.8
369 644 229 289 248 71 15 5 -2903008.2
369 913 105 221 201 257 15 292 -2922131.2
103 644 229 221 248 257 262 5 -3008302.2
221 270 110 17 268 9 182 24 -3086434.0
103 644 229 221 98 257 230 226 -3222063.2
858 897 234 17 98 279 131 226 -3224555.0
221 913 105 17 201 71 182 24 -3285035.2
103 644 229 221 274 148 230 5 -3298614.2
221 270 110 17 268 9 182 24 -3375874.8
369 644 229 221 201 257 262 5 -3425756.8
103 644 229 221 98 257 230 226 -3491904.8
Mejor: 103 644 229 221 98 257 230 226 -2576325.2

-------------------------------------------------
GENERACIÓN 18
103 644 229 221 98 257 230 226 -2576325.2
103 644 234 17 98 279 131 226 -2628110.2
103 644 229 221 98 257 230 226 -2687147.8
103 644 229 221 98 257 230 226 -2707727.8
103 644 234 17 98 279 131 226 -2717739.2
369 913 105 289 201 71 15 292 -2891464.8
369 644 229 289 248 71 15 5 -2903008.2
369 913 105 221 201 257 15 292 -2922131.2
103 644 229 221 248 257 262 5 -3008302.2
221 270 110 17 268 9 182 24 -3086434.0
103 644 229 221 98 257 230 226 -3222063.2
858 897 234 17 98 279 131 226 -3224555.0
221 913 105 17 201 71 182 24 -3285035.2
103 644 229 221 274 148 230 5 -3298614.2
221 270 110 17 268 9 182 24 -3375874.8
369 644 229 221 201 257 262 5 -3425756.8
Mejor: 103 644 229 221 98 257 230 226 -2576325.2

-------------------------------------------------
GENERACIÓN 19
103 644 229 221 98 257 230 226 -2576325.2
103 644 234 17 98 279 131 226 -2628110.2
103 644 234 221 98 257 131 226 -2647631.2
103 644 229 221 98 257 230 226 -2687147.8
103 644 229 221 98 257 230 226 -2707727.8
103 644 234 17 98 279 131 226 -2717739.2
369 913 105 289 201 71 15 292 -2891464.8
369 644 229 289 248 71 15 5 -2903008.2
369 913 105 221 201 257 15 292 -2922131.2
103 644 229 221 248 257 262 5 -3008302.2
221 270 110 17 268 9 182 24 -3086434.0
103 644 229 221 98 257 230 226 -3222063.2
858 897 234 17 98 279 131 226 -3224555.0
221 913 105 17 201 71 182 24 -3285035.2
103 644 229 221 274 148 230 5 -3298614.2
221 270 110 17 268 9 182 24 -3375874.8
Mejor: 103 644 229 221 98 257 230 226 -2576325.2

-------------------------------------------------
GENERACIÓN 20
103 644 229 221 98 257 230 226 -2576325.2
103 644 234 17 98 279 131 226 -2628110.2
103 644 234 221 98 257 131 226 -2647631.2
103 644 229 221 98 257 230 226 -2687147.8
103 644 229 221 98 257 230 226 -2707727.8
103 644 234 17 98 279 131 226 -2717739.2
369 913 105 289 201 71 15 292 -2891464.8
369 644 229 289 248 71 15 5 -2903008.2
369 913 105 221 201 257 15 292 -2922131.2
103 644 229 221 248 257 262 5 -3008302.2
221 270 110 17 268 9 182 24 -3086434.0
103 644 229 17 98 279 230 226 -3101824.8
103 644 229 221 98 257 230 226 -3222063.2
858 897 234 17 98 279 131 226 -3224555.0
221 913 105 17 201 71 182 24 -3285035.2
103 644 229 221 274 148 230 5 -3298614.2
Mejor: 103 644 229 221 98 257 230 226 -2576325.2

-------------------------------------------------
