GENERACIÓN 0
433 553 250 260 260 251 278 114 0.026745996
585 909 70 150 103 46 104 154 0.012930863
857 902 127 202 13 200 177 154 0.0029478313
604 909 247 128 79 63 162 111 2.4641788E-4
362 666 292 38 61 182 167 173 -6.859392E-5
643 901 29 284 33 255 103 76 -0.0021347415
582 840 284 262 155 36 279 144 -0.003055957
862 938 104 182 73 17 107 93 -0.004764132
367 768 10 145 273 117 201 279 -0.005293589
665 942 236 212 188 37 87 75 -0.006827203
273 680 207 138 37 214 177 206 -0.007765608
805 889 295 226 214 60 164 297 -0.018599635
427 821 149 138 274 8 95 230 -0.020908615
831 869 1 203 211 178 153 286 -0.026903333
717 763 14 14 264 294 5 205 -0.029363431
700 716 285 264 267 56 209 153 -0.03543919
Mejor: 433 553 250 260 260 251 278 114 0.026745996

-------------------------------------------------
GENERACIÓN 1
362 666 292 38 61 182 167 173 0.0056339577
805 680 295 138 37 60 177 297 0.0055639534
367 768 236 212 188 37 201 75 0.00522379
857 902 247 128 79 200 162 154 9.19078E-5
643 901 29 284 33 255 103 76 8.907045E-5
585 909 70 150 103 46 104 154 -8.1643775E-5
717 763 14 264 264 294 5 153 -5.425743E-4
831 821 149 203 211 178 95 286 -0.0018438888
427 869 1 138 274 8 153 230 -0.0025558413
433 553 250 260 260 251 278 114 -0.0030137766
273 889 207 226 214 214 164 206 -0.0033975125
582 840 284 262 155 36 279 144 -0.00498518
604 909 127 202 13 63 177 111 -0.010446665
665 942 10 145 273 117 87 279 -0.04388703
700 716 285 14 267 56 209 205 -0.045350816
862 938 104 182 73 17 107 93 -0.055750623
Mejor: 362 666 292 38 61 182 167 173 0.0056339577

-------------------------------------------------
GENERACIÓN 2
700 716 285 14 267 56 209 205 0.038021926
433 553 250 260 260 251 278 114 0.009921492
273 889 207 226 214 214 164 206 0.0050613885
604 909 127 202 13 63 177 111 -4.8745362E-4
831 763 14 203 264 178 5 286 -7.612289E-4
362 666 292 38 37 60 177 173 -0.0032929555
665 942 10 145 273 117 87 279 -0.0039197803
643 901 29 284 33 255 103 76 -0.0039700875
857 902 247 128 79 200 201 154 -0.003987517
367 768 236 212 188 37 162 75 -0.004204466
582 840 284 262 155 36 279 144 -0.008521459
585 909 70 150 103 46 104 154 -0.009300593
427 869 1 138 274 8 153 230 -0.015152503
717 821 149 264 211 294 95 153 -0.021087399
805 680 295 138 61 182 167 297 -0.04254359
862 938 104 182 73 17 107 93 -0.17552732
Mejor: 700 716 285 14 267 56 209 205 0.038021926

-------------------------------------------------
GENERACIÓN 3
700 716 285 260 260 251 278 114 0.039552487
831 763 14 203 264 178 5 286 0.006108459
433 553 250 14 267 56 209 205 0.0045795892
643 942 10 284 33 255 103 279 0.0016575918
857 768 236 128 79 200 162 154 5.8289617E-5
717 821 149 138 274 8 153 153 -0.001845579
805 938 104 182 73 17 107 93 -0.0030875255
362 666 292 38 37 60 177 173 -0.005098896
273 889 207 226 13 63 164 206 -0.005937709
427 869 1 264 211 294 95 230 -0.0070697167
585 909 70 150 103 46 104 154 -0.00892231
367 902 247 212 188 37 201 75 -0.008959555
665 901 29 145 273 117 87 76 -0.014630035
604 909 127 202 214 214 177 111 -0.023323203
582 840 284 262 155 36 279 144 -0.025701055
862 680 295 138 61 182 167 297 -0.076345675
Mejor: 700 716 285 260 260 251 278 114 0.039552487

-------------------------------------------------
GENERACIÓN 4
585 902 70 212 103 46 201 75 0.061915677
717 768 149 128 274 200 162 154 0.0264713
427 889 1 226 13 294 164 206 0.01963065
273 869 207 264 211 63 95 230 0.017819243
604 909 29 145 273 214 177 76 0.0023784705
433 553 250 284 33 56 209 205 -5.707244E-4
643 942 10 14 267 255 103 279 -0.002332326
582 680 295 262 61 182 167 297 -0.0029056554
831 716 285 260 260 251 5 114 -0.010256271
700 763 14 203 264 178 278 286 -0.023960246
857 821 236 138 79 8 153 153 -0.0274059
362 938 104 182 73 60 107 93 -0.033397965
862 840 284 138 155 36 279 144 -0.040029693
665 901 127 202 214 117 87 111 -0.0668593
805 666 292 38 37 17 177 173 -0.090741254
367 909 247 150 188 37 104 154 -0.09403041
Mejor: 585 902 70 212 103 46 201 75 0.061915677

-------------------------------------------------
GENERACIÓN 5
700 763 14 203 264 178 278 286 0.04012768
367 909 247 150 188 37 104 154 0.006208801
582 680 295 262 61 182 167 297 0.0059247375
273 869 207 264 13 63 164 230 0.0055373167
862 840 127 138 155 36 87 144 0.003726241
665 901 284 202 214 117 279 111 0.0036871983
643 942 10 14 267 255 103 279 2.547542E-4
604 909 250 145 273 214 177 205 -0.0030039232
585 902 70 212 274 46 201 154 -0.0046337903
427 889 1 226 211 294 95 206 -0.009438365
362 938 236 182 79 8 153 93 -0.009997669
857 821 104 138 73 60 107 153 -0.022968559
433 553 29 284 33 56 209 76 -0.023913546
831 716 285 260 260 251 5 114 -0.04517181
717 768 149 128 103 200 162 75 -0.049020585
805 666 292 38 37 17 177 173 -0.09201547
Mejor: 585 902 70 212 103 46 201 75 0.061915677

-------------------------------------------------
GENERACIÓN 6
862 840 284 138 155 36 87 111 0.026932286
367 909 247 150 188 178 104 286 0.011447073
427 902 1 212 211 46 95 206 0.008959599
582 869 207 264 61 182 167 297 0.007127795
643 909 250 14 267 255 177 279 0.0053298413
604 942 10 145 273 214 103 205 0.00516431
433 553 29 260 260 251 5 76 1.9551534E-4
665 901 127 202 214 117 279 144 -1.5365123E-4
717 768 149 128 103 200 162 75 -0.00563808
831 716 285 284 33 56 209 114 -0.0075239036
857 938 104 182 79 8 107 93 -0.01188276
273 680 295 262 13 63 164 230 -0.017379092
805 666 292 38 37 17 177 173 -0.029376255
700 763 14 203 264 37 278 154 -0.033007637
585 889 70 226 274 294 201 154 -0.050499246
362 821 236 138 73 60 153 153 -0.050928395
Mejor: 585 902 70 212 103 46 201 75 0.061915677

-------------------------------------------------
GENERACIÓN 7
582 902 207 212 211 46 95 206 0.021566307
857 938 104 182 79 8 107 93 0.0109693045
831 716 285 284 33 56 209 114 0.009849651
427 869 1 264 61 182 167 297 0.0010703075
367 909 284 150 188 178 87 111 -0.0033586842
717 768 149 128 103 200 162 75 -0.0074055796
862 840 247 138 155 36 104 286 -0.008822882
362 821 236 138 73 60 153 153 -0.01047179
643 909 250 14 267 255 177 279 -0.011958429
273 680 295 262 13 63 164 230 -0.018172814
700 763 14 203 264 37 278 154 -0.022076873
665 901 127 202 214 117 279 144 -0.023574546
585 889 70 226 274 294 201 154 -0.05085877
433 553 29 260 260 251 5 76 -0.05369715
805 666 292 38 37 17 177 173 -0.05882031
604 942 10 145 273 214 103 205 -0.06058466
Mejor: 585 902 70 212 103 46 201 75 0.061915677

-------------------------------------------------
GENERACIÓN 8
857 902 207 212 211 46 107 206 0.009354699
604 942 10 145 273 214 103 205 -0.0030767124
643 909 250 14 267 255 177 279 -0.0036600549
805 666 292 38 37 17 177 173 -0.004233883
362 821 236 138 73 60 153 153 -0.0050911987
717 768 149 150 103 178 87 111 -0.0054581426
427 716 1 284 33 56 209 114 -0.010366629
273 680 295 262 13 63 164 230 -0.014225927
582 938 104 182 79 8 95 93 -0.015125404
433 553 29 226 274 294 201 76 -0.01605356
665 763 14 203 264 117 279 144 -0.016129246
831 869 285 264 61 182 167 297 -0.016372869
700 901 127 202 214 37 278 154 -0.019918662
862 840 247 138 155 36 104 286 -0.021606714
367 909 284 128 188 200 162 75 -0.023902586
585 889 70 260 260 251 5 154 -0.031274617
Mejor: 585 902 70 212 103 46 201 75 0.061915677

-------------------------------------------------
GENERACIÓN 9
700 901 127 202 214 36 104 154 0.00870538
857 942 10 145 211 214 103 206 0.0077595054
585 889 70 260 260 251 5 154 0.005309141
362 821 236 138 73 60 153 153 0.0025621583
433 553 29 226 274 294 201 76 0.0012831256
665 763 14 203 61 182 167 297 -0.0014991112
273 680 295 262 13 63 164 230 -0.003151872
367 909 284 128 188 200 162 75 -0.005131422
805 909 292 14 37 17 177 173 -0.0061583263
427 716 1 284 33 56 209 114 -0.007988098
717 768 149 150 103 178 87 111 -0.008511816
643 666 250 38 267 255 177 279 -0.010120713
582 938 104 182 79 8 95 93 -0.0142180575
604 902 207 212 273 46 107 205 -0.01991086
862 840 247 138 155 37 278 286 -0.025182135
831 869 285 264 264 117 279 144 -0.026915811
Mejor: 585 902 70 212 103 46 201 75 0.061915677

-------------------------------------------------
GENERACIÓN 10
433 553 29 226 274 294 201 76 0.028859338
665 763 14 203 61 182 167 297 0.02122163
857 942 127 145 211 36 103 154 0.009630208
427 716 1 14 33 17 177 173 0.0040669236
700 901 10 202 214 214 104 206 0.0018880963
831 869 285 264 264 117 279 144 -0.002202364
604 938 104 212 273 46 95 93 -0.0035274671
805 909 292 284 37 56 209 114 -0.007964503
862 840 247 138 155 37 278 286 -0.010849054
585 889 70 260 260 251 5 154 -0.019565066
273 680 284 262 188 200 162 75 -0.024985366
362 821 236 138 73 60 153 153 -0.027640717
582 902 207 182 79 8 107 205 -0.05732031
367 909 295 128 13 63 164 230 -0.066006295
717 768 149 150 103 178 87 111 -0.066528626
643 666 250 38 267 255 177 279 -0.08818074
Mejor: 585 902 70 212 103 46 201 75 0.061915677

-------------------------------------------------
GENERACIÓN 11
862 840 247 138 155 37 278 286 0.043342758
700 901 10 202 214 214 104 206 0.013632522
273 680 284 262 188 200 162 75 0.010326609
585 889 70 260 260 251 5 154 0.008136365
433 553 29 226 274 294 201 76 0.0011149362
665 763 14 203 61 182 167 297 -0.002422588
582 902 207 182 79 8 107 205 -0.0057512834
427 942 1 145 33 17 103 173 -0.00995604
717 768 250 150 267 178 177 111 -0.018018588
805 909 292 284 37 56 209 114 -0.018617831
857 716 127 14 211 36 177 154 -0.021411017
362 821 236 138 73 60 153 153 -0.021615436
604 938 104 212 273 46 95 93 -0.027669037
367 909 295 128 13 63 164 230 -0.032258406
831 869 285 264 264 117 279 144 -0.034869015
643 666 149 38 103 255 87 279 -0.08697483
Mejor: 585 902 70 212 103 46 201 75 0.061915677

-------------------------------------------------
GENERACIÓN 12
427 942 207 182 79 17 103 205 0.007904402
582 902 1 145 33 8 107 173 0.006894937
273 889 284 262 260 251 5 154 0.002402577
805 909 292 284 37 56 209 114 6.020631E-4
857 716 127 14 211 36 177 154 -0.0050999303
604 909 295 212 13 63 164 230 -0.005175333
643 869 149 264 103 117 87 144 -0.0092870435
831 666 285 38 264 255 279 279 -0.010436482
862 901 247 202 214 214 278 286 -0.013230993
700 840 10 138 155 37 104 206 -0.015326993
367 938 104 128 273 46 95 93 -0.015592939
585 680 70 260 188 200 162 75 -0.017256692
433 763 29 226 61 294 167 297 -0.017318351
665 553 14 203 274 182 201 76 -0.019867515
717 768 250 150 267 178 177 111 -0.023881773
362 821 236 138 73 60 153 153 -0.03766777
Mejor: 585 902 70 212 103 46 201 75 0.061915677

-------------------------------------------------
GENERACIÓN 13
665 553 29 203 274 182 201 297 0.014727903
367 938 104 128 273 46 95 93 0.013581727
831 666 285 38 264 255 279 279 6.007676E-4
717 768 250 138 267 178 153 153 -0.001372613
273 889 284 262 260 251 5 154 -0.0018463474
700 840 10 138 155 37 104 206 -0.0018693922
585 680 70 260 188 200 162 75 -0.0042074476
604 716 295 14 13 36 177 230 -0.0067908913
582 902 1 182 79 8 107 173 -0.0075888
862 901 247 202 214 214 278 286 -0.008212032
362 821 236 150 73 60 177 111 -0.01805936
857 909 127 212 211 63 164 154 -0.020081474
643 869 149 264 103 117 87 144 -0.021591498
427 942 207 145 33 17 103 205 -0.02701813
433 763 14 226 61 294 167 76 -0.04571029
805 909 292 284 37 56 209 114 -0.061775032
Mejor: 585 902 70 212 103 46 201 75 0.061915677

-------------------------------------------------
GENERACIÓN 14
433 763 14 226 37 56 209 76 0.02139392
700 889 284 262 155 251 5 154 0.0066355686
604 716 295 260 13 200 162 75 -9.682021E-4
273 840 10 138 260 37 104 206 -0.0020018679
643 869 149 264 103 117 87 144 -0.0025899778
367 938 104 128 273 46 95 93 -0.0033253005
862 901 247 202 214 214 278 286 -0.0054644123
362 821 236 150 73 60 177 111 -0.006607767
831 666 285 38 264 255 279 279 -0.009564268
582 902 1 182 79 8 107 173 -0.012713787
427 942 207 145 33 17 103 205 -0.013646624
665 553 29 203 274 182 201 297 -0.0139660565
805 909 292 284 61 294 167 114 -0.035080176
585 680 70 14 188 36 177 230 -0.040111605
717 768 250 138 267 178 153 153 -0.068349175
857 909 127 212 211 63 164 154 -0.08265791
Mejor: 585 902 70 212 103 46 201 75 0.061915677

-------------------------------------------------
GENERACIÓN 15
700 889 284 262 155 251 5 154 0.037726816
665 942 207 145 33 182 201 205 0.010624152
831 666 285 38 264 255 279 279 0.006457012
582 902 1 182 79 8 107 173 0.0031916648
604 716 295 138 260 37 162 75 0.002705574
273 840 10 260 13 200 104 206 4.086954E-4
717 768 250 138 267 178 153 153 -0.0010374958
862 901 236 150 73 60 278 286 -0.0013149586
857 909 127 212 211 63 164 154 -0.0034330275
643 938 149 128 103 117 95 144 -0.009867431
805 909 70 284 188 36 177 230 -0.011163201
427 553 29 203 274 17 103 297 -0.012700106
362 821 247 202 214 214 177 111 -0.014319375
367 869 104 264 273 46 87 93 -0.014734284
433 763 14 226 37 56 209 76 -0.036085505
585 680 292 14 61 294 167 114 -0.038736075
Mejor: 585 902 70 212 103 46 201 75 0.061915677

-------------------------------------------------
GENERACIÓN 16
604 716 295 138 260 37 162 75 0.027236464
857 909 127 212 211 63 164 154 0.011190695
362 821 247 202 214 214 177 111 -3.7813978E-4
433 680 292 226 37 56 209 76 -6.2604184E-4
367 869 104 264 273 46 87 93 -0.0016779936
862 901 236 138 73 60 278 153 -0.0034498193
717 768 250 150 267 178 153 286 -0.0041289525
427 553 29 203 274 36 177 230 -0.0070435964
665 942 207 145 33 182 201 205 -0.007911029
643 938 149 128 103 117 95 144 -0.007941472
805 909 70 284 188 17 103 297 -0.014991249
585 763 14 14 61 294 167 114 -0.0406459
582 666 285 38 264 8 107 279 -0.045964956
831 902 1 182 79 255 279 173 -0.047664523
273 840 10 260 13 200 104 206 -0.078683205
700 889 284 262 155 251 5 154 -0.09661906
Mejor: 585 902 70 212 103 46 201 75 0.061915677

-------------------------------------------------
GENERACIÓN 17
805 909 14 284 188 17 103 297 0.027504193
273 889 10 260 13 200 104 206 0.0076869405
604 716 127 212 211 63 162 154 0.0024775239
665 938 149 145 103 117 95 205 0.0014460298
367 869 104 138 273 60 278 93 -1.2166457E-4
831 902 1 182 79 255 279 173 -5.4099085E-4
643 942 207 128 33 182 201 144 -0.007400689
857 909 295 138 260 37 164 75 -0.008403373
582 666 285 38 264 8 107 279 -0.009685427
362 821 247 202 214 214 177 111 -0.010504075
585 763 70 14 61 294 167 114 -0.012423128
427 768 29 150 274 178 153 286 -0.0159194
433 680 292 226 37 56 209 76 -0.017757466
717 553 250 203 267 36 177 230 -0.022987768
862 901 236 264 73 46 87 153 -0.039530497
700 840 284 262 155 251 5 154 -0.0425556
Mejor: 585 902 70 212 103 46 201 75 0.061915677

-------------------------------------------------
GENERACIÓN 18
433 553 250 226 37 36 177 76 0.06997945
273 909 14 284 13 200 103 297 0.042837396
717 680 292 203 267 56 209 230 0.014622014
582 666 285 202 264 214 177 279 0.007796517
665 716 127 145 103 63 95 205 0.0067900545
585 763 70 14 61 294 167 114 0.0055639055
805 889 10 260 188 17 104 206 0.0034658012
862 901 236 264 73 46 87 153 0.0013028248
604 938 149 212 211 117 162 154 7.2598754E-4
700 840 284 262 155 251 5 154 3.1209583E-4
643 909 295 138 260 37 201 144 -0.002593588
367 869 104 138 273 60 278 93 -0.0029620708
362 821 247 38 214 8 107 111 -0.0051810523
427 768 29 150 274 178 153 286 -0.009413459
857 942 207 128 33 182 164 75 -0.012217668
831 902 1 182 79 255 279 173 -0.083372094
Mejor: 433 553 250 226 37 36 177 76 0.06997945

-------------------------------------------------
GENERACIÓN 19
367 869 295 138 260 37 201 93 0.047761146
665 716 127 145 103 63 95 205 0.03367585
362 821 247 38 214 8 107 111 0.00938096
582 666 285 202 264 214 177 279 0.0031188522
862 901 236 264 73 46 87 153 0.002610142
604 840 284 212 155 251 162 154 -3.2041353E-4
433 909 14 284 37 36 103 297 -5.494805E-4
805 889 10 260 188 17 104 206 -0.001271139
643 909 104 138 273 60 278 144 -0.0017230526
700 938 149 262 211 117 5 154 -0.0055463226
273 553 250 226 13 200 177 76 -0.011772476
857 902 207 128 33 255 279 173 -0.012756109
585 763 70 14 61 294 167 114 -0.014835301
831 942 1 182 79 182 164 75 -0.038466636
427 768 29 150 274 178 153 286 -0.046817143
717 680 292 203 267 56 209 230 -0.095116444
Mejor: 433 553 250 226 37 36 177 76 0.06997945

-------------------------------------------------
GENERACIÓN 20
857 902 207 128 33 255 279 173 0.050252926
433 909 14 284 37 36 103 297 0.024703735
362 666 285 38 214 8 107 279 0.0013087083
367 716 127 138 260 63 201 93 4.1534347E-4
831 942 1 182 79 182 164 75 -0.0020042788
427 680 292 203 274 56 153 286 -0.0022389197
585 763 70 14 61 294 167 114 -0.0036614283
700 938 149 262 211 117 5 154 -0.0054336446
273 553 250 226 13 200 177 76 -0.011563625
805 889 10 260 188 17 104 206 -0.019670019
604 901 284 212 73 46 162 153 -0.029533857
665 869 295 145 103 37 95 205 -0.03526365
717 768 29 150 267 178 209 230 -0.03794934
862 840 236 264 155 251 87 154 -0.045928914
643 909 104 138 273 60 278 144 -0.05593166
582 821 247 202 264 214 177 111 -0.13446788
Mejor: 433 553 250 226 37 36 177 76 0.06997945

-------------------------------------------------
GENERACIÓN 21
273 553 250 260 13 17 104 76 0.00811909
604 869 284 145 103 37 95 205 0.0026365404
831 942 1 182 274 56 164 286 6.976735E-4
805 889 10 226 188 200 177 206 7.607788E-5
700 938 149 262 211 117 5 154 -6.7479163E-4
717 768 236 264 155 178 209 154 -0.0035220496
433 902 14 284 37 36 103 173 -0.0043320414
367 716 127 138 260 63 201 93 -0.0054771393
665 901 295 212 73 46 162 153 -0.0060047717
585 763 70 14 61 294 167 114 -0.007516051
362 666 285 38 214 8 107 279 -0.008388933
857 909 207 128 33 255 279 297 -0.010149772
582 821 104 138 273 214 177 144 -0.010877736
862 840 29 150 267 251 87 230 -0.03313135
427 680 292 203 79 182 153 75 -0.036306065
643 909 247 202 264 60 278 111 -0.036779467
Mejor: 433 553 250 226 37 36 177 76 0.06997945

-------------------------------------------------
GENERACIÓN 22
643 909 247 202 264 60 278 111 0.034072354
805 942 10 226 274 56 164 286 0.02627042
362 666 207 128 214 255 279 297 0.005722567
585 901 70 212 61 46 167 114 0.001856346
582 821 104 138 273 214 177 144 2.0613514E-4
367 716 127 138 260 63 201 93 -0.0019630452
831 889 1 182 188 200 177 206 -0.003050818
427 680 292 203 79 182 153 75 -0.0051005664
273 553 284 145 13 17 95 76 -0.0052994224
717 938 236 262 155 178 209 154 -0.006813934
433 902 14 284 37 36 103 173 -0.0070094406
862 840 29 150 267 251 87 230 -0.010152568
604 869 250 260 103 37 104 205 -0.014242527
857 909 285 38 33 8 107 279 -0.016835708
665 763 295 14 73 294 162 153 -0.02406499
700 768 149 264 211 117 5 154 -0.04300772
Mejor: 433 553 250 226 37 36 177 76 0.06997945

-------------------------------------------------
GENERACIÓN 23
643 909 247 202 264 60 278 111 0.04723851
273 553 284 145 155 178 95 154 0.03770679
585 901 207 212 214 255 167 297 0.03476722
433 840 14 284 267 36 87 230 0.015631951
717 938 236 262 13 17 209 76 0.005870445
862 902 29 150 37 251 103 173 0.0047669243
665 763 149 14 211 294 162 154 0.0010102451
700 768 295 264 73 117 5 153 -9.5946767E-4
831 889 1 182 188 200 177 206 -0.0011113737
367 821 104 138 273 63 201 93 -0.0025595517
582 716 127 138 260 214 177 144 -0.00485092
857 869 250 260 103 37 104 205 -0.005854873
604 909 285 38 33 8 107 279 -0.0060580657
362 666 70 128 61 46 279 114 -0.007238809
805 942 10 226 274 56 164 286 -0.009751463
427 680 292 203 79 182 153 75 -0.08916595
Mejor: 433 553 250 226 37 36 177 76 0.06997945

-------------------------------------------------
GENERACIÓN 24
862 902 29 150 37 251 103 173 0.017337881
362 909 285 38 61 8 279 279 0.008981644
582 716 127 260 260 37 177 144 0.0070140604
433 901 14 212 267 36 87 297 0.0043817763
427 942 292 203 274 56 164 286 0.0024971743
585 840 207 284 214 255 167 230 0.0016884658
643 909 247 202 264 60 278 111 8.660415E-4
857 869 250 138 103 214 104 205 -0.0030020352
273 553 284 145 155 178 95 154 -0.0033098448
367 821 104 138 273 63 201 93 -0.004457574
700 763 149 14 73 294 162 154 -0.0047910125
831 889 1 182 188 200 177 206 -0.013233426
665 768 295 264 211 117 5 153 -0.023782864
604 666 70 128 33 46 107 114 -0.033453207
717 938 236 262 13 17 209 76 -0.041148096
805 680 10 226 79 182 153 75 -0.17686217
Mejor: 433 553 250 226 37 36 177 76 0.06997945

-------------------------------------------------
GENERACIÓN 25
582 716 127 212 267 36 177 144 0.027749205
643 909 247 202 264 60 278 111 0.011523065
857 869 250 138 103 214 104 205 0.010459435
604 666 70 128 211 117 5 114 0.0032347348
700 889 1 182 188 200 162 206 0.0025312135
433 901 14 260 260 37 87 297 -0.011788145
367 821 104 138 273 63 201 93 -0.012462904
862 909 29 150 61 8 279 173 -0.01273
717 938 236 262 79 182 209 76 -0.019411456
665 768 295 264 33 46 107 153 -0.030105615
427 942 292 203 274 56 164 286 -0.03340992
585 840 207 284 214 255 167 230 -0.04229403
831 763 149 14 73 294 177 154 -0.045926046
273 553 284 145 155 178 95 154 -0.067924656
362 902 285 38 37 251 103 279 -0.087304026
805 680 10 226 13 17 153 75 -0.12680207
Mejor: 433 553 250 226 37 36 177 76 0.06997945

-------------------------------------------------
GENERACIÓN 26
427 942 292 203 274 56 164 286 0.015703795
643 909 127 212 264 36 278 144 0.010284233
717 938 236 264 33 182 209 153 0.009003975
604 666 70 128 211 117 5 114 0.006518271
433 889 14 260 260 200 87 297 0.006344509
367 909 29 138 61 8 279 173 0.006277637
857 869 250 138 103 214 104 205 0.0015776517
700 901 1 182 188 37 162 206 -0.0010014246
665 768 295 262 79 46 107 76 -0.0027596187
862 821 104 150 273 63 201 93 -0.004568593
585 840 207 284 214 255 167 230 -0.013161559
831 763 284 145 155 294 177 154 -0.01637406
273 553 149 14 73 178 95 154 -0.023649305
362 680 10 226 13 17 153 279 -0.024717472
805 902 285 38 37 251 103 75 -0.035598375
582 716 247 202 267 60 177 111 -0.05962421
Mejor: 433 553 250 226 37 36 177 76 0.06997945

-------------------------------------------------
GENERACIÓN 27
427 909 292 212 264 36 278 144 0.02020169
362 680 10 226 13 17 153 279 0.01314978
805 902 285 38 37 251 103 111 0.0016919723
665 768 295 262 79 63 107 76 0.001057242
273 553 149 14 73 178 95 154 -1.8577526E-4
831 763 284 145 155 294 177 154 -0.0037324552
717 938 236 264 33 182 5 153 -0.004291023
582 716 247 202 267 60 177 75 -0.0072838175
700 901 1 182 188 37 162 206 -0.008361176
862 821 104 150 273 46 201 93 -0.008838566
433 889 14 260 61 8 87 297 -0.012320983
857 869 250 138 103 214 104 205 -0.022966234
643 942 127 203 274 56 164 286 -0.025593737
604 666 70 128 211 117 209 114 -0.026606863
585 840 207 284 214 255 167 230 -0.055557355
367 909 29 138 260 200 279 173 -0.06121852
Mejor: 433 553 250 226 37 36 177 76 0.06997945

-------------------------------------------------
GENERACIÓN 28
433 869 250 138 103 8 104 297 0.02804239
604 666 70 128 211 117 209 114 0.018521333
831 553 149 14 73 294 177 154 0.012959604
665 768 295 262 37 63 103 111 0.0084947385
273 763 284 145 155 178 95 154 -0.0010842414
862 901 1 182 188 37 201 93 -0.0017787991
643 942 127 203 274 56 164 286 -0.0026199433
805 902 285 38 79 251 107 76 -0.004101953
585 840 29 284 214 255 167 230 -0.008096619
717 716 247 264 33 60 177 75 -0.009538993
367 909 207 138 260 200 279 173 -0.0100072315
362 680 10 226 13 17 153 279 -0.013666612
582 938 236 202 267 182 5 153 -0.017770827
427 909 292 212 264 36 278 144 -0.021236489
700 821 104 150 273 46 162 206 -0.038769927
857 889 14 260 61 214 87 205 -0.0749473
Mejor: 433 553 250 226 37 36 177 76 0.06997945

-------------------------------------------------
GENERACIÓN 29
362 680 10 226 13 17 153 279 0.079877205
717 716 247 264 33 60 177 75 0.005376354
665 768 295 262 37 63 103 111 0.0042011496
643 942 127 203 274 56 164 286 -7.413432E-4
805 902 285 38 79 251 107 76 -0.0019715028
831 553 149 14 73 294 177 154 -0.0035114652
585 840 29 284 214 255 167 230 -0.0038736446
273 901 1 145 188 178 95 93 -0.0060266755
367 909 207 138 260 200 279 173 -0.007866717
700 821 104 150 273 46 162 206 -0.008892351
433 869 250 138 103 8 104 297 -0.009962872
862 763 284 182 155 37 201 154 -0.019440547
582 938 236 212 267 182 5 144 -0.025066674
857 889 14 260 61 214 87 205 -0.03448342
427 909 292 202 264 36 278 153 -0.038293887
604 666 70 128 211 117 209 114 -0.07513914
Mejor: 362 680 10 226 13 17 153 279 0.079877205

-------------------------------------------------
GENERACIÓN 30
367 821 207 138 273 200 279 173 0.020517092
585 901 29 145 214 178 167 93 0.010078852
433 869 250 138 103 8 104 297 0.008369398
643 942 127 203 274 56 164 286 -0.002487293
857 938 14 212 61 182 87 205 -0.0050084987
604 666 70 202 211 36 278 114 -0.0089999465
427 909 292 128 264 117 209 153 -0.009630327
717 716 247 264 33 60 177 75 -0.012857117
805 553 285 14 73 251 107 76 -0.013264254
862 763 284 182 155 37 201 154 -0.014093719
362 680 10 226 13 17 153 279 -0.014094456
700 909 104 150 260 46 162 206 -0.037233606
273 840 1 284 188 255 95 230 -0.04642603
665 768 295 262 37 63 103 111 -0.06583464
831 902 149 38 79 294 177 154 -0.09087927
582 889 236 260 267 214 5 144 -0.09277638
Mejor: 367 821 207 138 273 200 279 173 0.020517092

-------------------------------------------------
