GENERACIÓN 0
120 873 191 188 119 35 219 6 -302556.0
315 593 100 246 281 262 103 141 -562573.3
540 723 36 127 255 286 39 280 -565876.3
371 824 180 2 128 74 84 82 -573109.3
218 705 82 214 211 220 170 45 -750561.7
788 880 115 49 161 3 25 238 -803381.5
29 260 265 272 106 228 126 227 -1168757.0
237 534 158 142 263 180 154 204 -1481944.6
382 859 61 153 37 228 156 71 -1713198.0
429 928 76 274 2 147 16 137 -1726649.1
628 813 291 142 39 192 35 10 -1871438.5
852 891 138 227 77 249 121 104 -2038100.0
26 298 98 231 26 139 83 35 -2241238.8
565 565 181 124 285 83 279 113 -2807105.2
809 957 188 75 204 195 63 102 -2911483.2
394 427 213 127 48 52 147 200 -3715686.8
Mejor: 120 873 191 188 119 35 219 6 -302556.0

-------------------------------------------------
GENERACIÓN 1
852 891 138 227 77 249 121 104 -7961.1665
218 705 82 214 211 220 170 45 -457234.5
788 880 115 49 161 3 25 238 -805080.0
628 813 291 142 39 192 35 10 -1080312.5
29 260 265 272 263 228 154 227 -1414819.9
429 859 61 153 37 147 16 137 -1469280.9
540 723 36 127 128 74 39 280 -1499509.6
237 534 158 142 106 180 126 204 -1511066.9
26 298 98 231 26 139 83 35 -1528743.9
382 928 76 274 2 228 156 71 -1705144.6
565 565 181 124 285 83 279 113 -1838516.9
120 593 191 246 119 262 219 6 -1910751.5
809 957 188 127 48 195 63 102 -2216953.8
315 873 100 188 281 35 103 141 -2338069.8
371 824 180 2 255 286 84 82 -2445489.2
394 427 213 75 204 52 147 200 -2679211.2
Mejor: 852 891 138 227 77 249 121 104 -7961.1665

-------------------------------------------------
GENERACIÓN 2
26 298 98 231 26 139 83 35 843334.8
237 534 36 127 128 180 126 204 -450459.0
394 824 180 75 255 52 84 82 -460105.0
371 427 213 2 204 286 147 200 -650913.7
120 565 181 246 285 262 279 6 -774269.0
852 891 138 227 211 249 170 45 -979474.5
429 859 61 153 37 147 16 137 -989556.2
540 723 158 142 106 74 39 280 -1083552.4
565 593 191 124 119 83 219 113 -1409469.0
382 928 76 274 2 228 156 71 -1434364.5
29 260 265 272 263 228 154 227 -1516060.9
218 705 82 214 77 220 121 104 -1687301.4
628 880 291 142 39 3 35 10 -1976887.5
315 873 100 188 281 35 103 141 -2196774.2
788 813 115 49 161 192 25 238 -2343535.2
809 957 188 127 48 195 63 102 -2571707.2
Mejor: 26 298 98 231 26 139 83 35 843334.8

-------------------------------------------------
GENERACIÓN 3
315 873 100 188 281 35 103 141 663010.2
429 859 61 142 37 74 16 280 197449.33
26 298 98 231 26 139 83 35 -1177187.9
237 534 36 127 128 180 126 204 -1354122.9
540 723 158 153 106 147 39 137 -1559244.4
29 705 82 214 263 220 154 104 -1683181.9
565 593 76 124 2 83 156 113 -1721724.6
852 891 138 227 211 249 170 45 -1788005.5
371 824 213 75 255 286 84 82 -1800836.6
382 928 191 274 119 228 219 71 -1861312.0
628 880 291 142 39 3 35 10 -2058220.0
809 957 188 127 161 195 63 102 -2067138.1
218 260 265 272 77 228 121 227 -2490640.2
120 565 181 246 285 262 279 6 -2727974.0
394 427 180 2 204 52 147 200 -3191342.8
788 813 115 49 48 192 25 238 -3620617.0
Mejor: 26 298 98 231 26 139 83 35 843334.8

-------------------------------------------------
GENERACIÓN 4
788 813 115 49 48 192 25 238 -182211.67
628 957 188 127 161 3 35 10 -364048.34
565 593 76 124 2 249 156 113 -446782.84
382 928 191 75 119 228 219 82 -503482.34
315 873 100 188 281 35 103 141 -737450.3
809 880 291 142 39 195 63 102 -1195636.0
540 723 158 153 106 147 39 137 -1498461.9
120 260 265 272 77 228 279 6 -1581668.6
371 824 213 274 255 286 84 71 -2132647.8
218 565 181 246 285 262 121 227 -2324294.5
429 859 61 142 37 74 16 280 -2764254.5
237 534 98 127 26 180 126 35 -2899811.8
394 427 180 2 204 52 147 200 -2915854.8
29 705 82 214 263 220 154 104 -3205865.2
26 298 36 231 128 139 83 204 -3331120.8
852 891 138 227 211 83 170 45 -3619013.2
Mejor: 26 298 98 231 26 139 83 35 843334.8

-------------------------------------------------
GENERACIÓN 5
382 928 191 75 119 228 219 82 84661.836
218 565 181 246 285 262 121 227 -185796.33
788 813 188 127 48 3 25 238 -633851.8
429 534 98 127 37 74 16 35 -1016372.5
852 891 138 227 211 83 170 45 -1165331.4
29 427 82 214 263 220 147 104 -1325897.4
26 298 36 231 128 139 83 204 -1589123.4
809 880 291 188 39 195 103 141 -1651672.0
540 260 265 272 77 228 279 137 -1829833.6
371 824 213 274 255 286 84 71 -2125615.2
315 873 100 142 281 35 63 102 -2153220.2
628 957 115 49 161 192 35 10 -2385026.2
565 593 76 124 2 249 156 113 -2549015.2
120 723 158 153 106 147 39 6 -2682059.8
237 859 61 142 26 180 126 280 -3198954.0
394 705 180 2 204 52 154 200 -3546434.0
Mejor: 26 298 98 231 26 139 83 35 843334.8

-------------------------------------------------
GENERACIÓN 6
788 813 188 127 48 74 25 238 61201.332
218 928 181 75 285 228 219 82 -627273.7
540 824 265 274 255 228 84 137 -821038.8
628 873 115 49 161 35 63 10 -890762.3
429 534 98 127 37 3 16 35 -931923.2
29 427 138 227 263 83 170 104 -1094668.0
565 723 76 124 2 249 39 6 -1137368.9
315 957 100 142 281 192 35 102 -1259092.9
26 298 36 231 128 139 83 204 -1450345.4
809 880 291 188 39 195 103 141 -1529627.4
237 859 61 142 26 180 126 280 -1633538.0
120 593 158 153 106 147 156 113 -1706955.6
852 891 82 214 211 220 147 45 -1870223.1
382 565 191 246 119 262 121 227 -2278160.0
394 705 180 2 204 52 154 200 -2797414.2
371 260 213 272 77 286 279 71 -3729202.8
Mejor: 26 298 98 231 26 139 83 35 843334.8

-------------------------------------------------
GENERACIÓN 7
394 260 180 272 77 286 154 71 11556.0
237 859 61 142 26 180 126 280 -387455.34
29 427 138 127 37 3 16 104 -422501.66
315 957 100 142 281 192 35 102 -425120.0
540 824 115 274 161 228 63 10 -442991.84
565 723 76 124 2 249 39 6 -672766.8
371 705 213 2 204 52 279 200 -776691.3
852 891 191 246 119 220 121 227 -862744.7
120 593 158 153 106 147 156 113 -1046492.2
382 565 82 214 211 262 147 45 -1934899.4
788 928 181 75 48 74 25 82 -2419906.0
809 880 291 188 39 195 103 141 -2535370.0
628 873 265 49 255 35 84 137 -2537128.8
218 813 188 127 285 228 219 238 -2882430.0
429 534 98 227 263 83 170 35 -3005130.8
26 298 36 231 128 139 83 204 -4266059.5
Mejor: 26 298 98 231 26 139 83 35 843334.8

-------------------------------------------------
GENERACIÓN 8
809 880 291 188 39 195 103 141 -122978.336
852 705 191 2 204 220 279 200 -236861.33
788 928 181 75 48 74 25 82 -413342.66
394 859 61 142 77 180 154 280 -618065.7
628 873 188 127 255 228 219 238 -720032.0
26 298 98 227 263 139 83 35 -743918.0
429 534 36 231 128 83 170 204 -744114.0
540 824 115 274 161 228 63 10 -1106374.5
218 813 265 49 285 35 84 137 -1179944.1
315 427 100 127 37 3 35 104 -1256498.0
120 593 158 153 106 147 156 113 -1267962.6
382 565 82 214 211 262 147 45 -1540391.9
237 260 180 272 26 286 126 71 -2203922.5
29 957 138 142 281 192 16 102 -2618545.2
565 723 76 124 2 249 39 6 -2788456.8
371 891 213 246 119 52 121 227 -3696056.0
Mejor: 26 298 98 231 26 139 83 35 843334.8

-------------------------------------------------
GENERACIÓN 9
809 705 291 2 204 195 103 200 14166.333
371 891 213 124 2 249 121 6 -587734.7
429 534 36 274 161 228 170 204 -598383.8
218 813 265 49 285 35 84 137 -737071.3
237 260 180 272 26 286 126 71 -830209.3
315 427 100 127 37 3 35 104 -867655.2
565 723 76 246 119 52 39 227 -1289426.6
382 565 82 214 211 262 147 45 -1753450.5
852 880 191 188 39 220 279 141 -2139611.2
29 957 138 142 281 192 16 102 -2242215.2
394 859 61 142 77 180 25 280 -2333095.2
120 593 158 153 106 147 156 113 -2446186.8
540 824 115 231 128 83 63 10 -2477221.0
26 873 98 227 263 139 83 238 -2562025.5
788 928 181 75 48 74 154 82 -3000757.2
628 298 188 127 255 228 219 35 -3497606.8
Mejor: 26 298 98 231 26 139 83 35 843334.8

-------------------------------------------------
GENERACIÓN 10
394 859 61 142 77 180 25 280 150449.33
382 565 82 214 211 262 147 45 -109998.336
315 427 100 127 37 3 35 104 -131930.17
429 534 265 49 161 228 170 204 -439875.16
788 928 181 75 48 74 154 82 -915781.0
371 891 213 2 2 249 103 6 -948032.2
540 824 115 231 128 139 63 238 -1304375.6
218 813 36 274 285 35 84 137 -1331766.6
26 873 98 227 263 83 83 10 -1683111.0
565 723 76 246 119 52 39 227 -1740572.1
29 880 138 188 39 220 279 141 -1823621.5
809 705 291 124 204 195 121 200 -2040735.6
237 260 180 272 26 286 126 71 -2140854.0
120 593 158 153 106 147 156 113 -2274018.8
852 957 191 142 281 192 16 102 -2303579.2
628 298 188 127 255 228 219 35 -2820250.8
Mejor: 26 298 98 231 26 139 83 35 843334.8

-------------------------------------------------
GENERACIÓN 11
315 427 100 127 37 3 35 104 241500.67
565 723 76 246 119 52 39 227 -21034.334
371 891 213 2 2 249 103 6 -183820.33
382 565 82 214 211 262 147 45 -551360.7
237 260 158 153 26 147 156 71 -956419.7
394 859 61 142 77 180 25 280 -975535.5
218 813 115 231 285 139 84 238 -1652436.9
29 880 291 124 204 195 121 200 -1662096.0
120 593 180 272 106 286 126 113 -1693215.9
26 873 98 227 263 83 83 10 -1911722.9
429 534 265 49 161 228 170 204 -1962655.9
628 957 191 142 281 228 219 102 -2114739.2
540 824 36 274 128 35 63 137 -2275492.2
852 298 188 127 255 192 16 35 -2359585.2
788 928 181 75 48 74 154 82 -3093700.0
809 705 138 188 39 220 279 141 -4076706.0
Mejor: 26 298 98 231 26 139 83 35 843334.8

-------------------------------------------------
GENERACIÓN 12
26 873 98 227 263 83 83 10 448583.16
315 723 100 127 37 3 35 227 -182622.33
218 813 115 231 285 195 84 200 -447321.5
540 824 36 274 128 35 63 137 -562306.2
809 705 138 188 39 220 279 141 -767387.0
852 298 188 127 255 192 16 35 -791842.5
628 957 191 142 281 228 219 204 -1260807.5
237 260 158 153 26 147 156 71 -1262380.4
371 565 213 214 211 249 103 45 -1660313.6
788 928 181 75 48 74 154 82 -1689463.6
29 880 291 124 204 139 121 238 -1817477.4
565 427 76 246 119 52 39 104 -2009536.6
429 534 265 49 161 228 170 102 -2245573.2
120 593 180 272 106 286 126 113 -2463658.5
382 891 82 2 2 262 147 6 -3010587.8
394 859 61 142 77 180 25 280 -4004330.0
Mejor: 26 298 98 231 26 139 83 35 843334.8

-------------------------------------------------
GENERACIÓN 13
382 891 82 2 2 262 147 6 -678336.0
120 593 265 272 161 286 126 113 -713679.8
315 723 100 227 263 83 83 227 -946137.0
565 427 76 246 119 139 121 238 -1157462.5
237 260 158 153 26 147 156 71 -1291071.4
809 705 138 188 39 220 279 141 -1368548.9
26 873 98 127 37 3 35 10 -1431323.6
371 565 213 214 48 249 154 45 -1571479.6
29 880 291 124 204 52 39 104 -1645989.4
788 928 181 75 211 74 103 82 -1941889.4
429 534 180 49 106 228 170 102 -1995075.5
852 298 188 127 255 192 16 35 -2039324.1
540 813 36 274 285 195 84 137 -2083459.5
394 859 61 142 77 180 25 280 -2498710.2
628 957 191 142 281 228 219 204 -2537504.2
218 824 115 231 128 35 63 200 -2728051.2
Mejor: 26 298 98 231 26 139 83 35 843334.8

-------------------------------------------------
GENERACIÓN 14
429 534 180 49 106 228 170 102 72073.0
540 859 36 142 77 180 84 137 -300783.5
29 880 291 124 204 52 39 104 -452123.0
382 891 265 2 2 262 126 113 -599581.0
371 565 98 214 48 249 35 45 -723742.8
120 593 82 272 161 286 147 6 -1125658.4
315 723 100 227 263 83 83 227 -1169080.6
218 957 115 142 281 35 219 204 -1260905.6
852 298 188 127 255 192 16 35 -1536820.6
394 813 61 274 285 195 25 280 -1721729.6
237 705 138 188 26 147 279 141 -2040361.1
26 873 213 127 37 3 154 10 -2045208.4
565 427 76 246 119 139 121 238 -2251140.0
788 928 181 75 211 74 103 82 -2466885.5
628 824 191 231 128 228 63 200 -3837504.8
809 260 158 153 39 220 156 71 -4478240.0
Mejor: 26 298 98 231 26 139 83 35 843334.8

-------------------------------------------------
GENERACIÓN 15
628 260 191 231 128 220 156 200 22372.834
565 427 76 246 119 139 121 238 -335883.5
382 891 265 2 2 262 126 113 -672476.0
394 813 188 274 255 195 16 280 -1036551.2
29 880 291 124 204 52 39 104 -1044219.3
26 873 213 127 37 3 154 10 -1104886.6
429 534 180 49 77 180 170 102 -1409333.6
788 928 181 75 211 74 103 82 -1627858.1
540 859 36 142 106 228 84 137 -1645267.0
218 723 115 142 281 83 219 227 -1775863.4
120 593 98 214 48 286 147 6 -1884349.0
237 705 138 188 26 147 279 141 -1897985.0
315 957 100 227 263 35 83 204 -2220488.2
809 824 158 153 39 228 63 71 -2235625.0
371 565 82 272 161 249 35 45 -2481766.8
852 298 61 127 285 192 25 35 -2926693.2
Mejor: 26 298 98 231 26 139 83 35 843334.8

-------------------------------------------------
GENERACIÓN 16
429 928 181 75 211 180 170 102 -469483.34
852 298 82 127 161 192 35 35 -732588.7
26 873 213 127 37 3 154 10 -837123.3
120 705 138 214 48 147 147 6 -911805.5
394 891 188 274 255 195 16 280 -1127181.5
540 859 36 142 106 228 84 137 -1178434.5
218 723 115 142 281 83 219 227 -1202159.0
788 534 180 49 77 74 103 82 -1377350.0
382 813 265 2 2 262 126 113 -1478711.5
565 260 191 246 128 139 156 200 -1784707.9
29 880 291 124 204 52 39 104 -2006517.6
371 565 61 272 285 249 25 45 -2085991.9
315 957 100 227 263 35 83 204 -2304237.5
628 427 76 231 119 220 121 238 -3101410.0
237 593 98 188 26 286 279 141 -3572338.0
809 824 158 153 39 228 63 71 -3595543.2
Mejor: 26 298 98 231 26 139 83 35 843334.8

-------------------------------------------------
GENERACIÓN 17
382 260 265 2 2 262 156 113 24383.5
809 593 98 153 26 286 279 71 -327759.66
26 705 138 214 48 3 147 10 -385110.84
218 534 180 142 77 83 219 227 -642539.3
788 723 115 49 281 74 103 82 -783638.3
628 427 76 231 119 220 121 238 -871593.5
315 957 100 227 263 35 83 204 -887909.8
394 891 188 274 106 228 84 280 -965018.7
565 813 191 246 128 139 126 200 -976197.5
540 859 36 142 255 195 16 137 -1293177.1
429 928 181 75 211 180 170 102 -1316831.4
29 880 291 124 204 52 39 104 -1784824.4
120 873 213 127 37 147 154 6 -1851705.5
237 824 158 188 39 228 63 141 -2331374.5
371 565 61 272 285 249 25 45 -2674833.2
852 298 82 127 161 192 35 35 -2816073.8
Mejor: 26 298 98 231 26 139 83 35 843334.8

-------------------------------------------------
GENERACIÓN 18
565 859 191 246 255 139 126 137 320071.16
120 873 158 127 37 228 154 141 262187.66
218 534 180 142 77 83 147 227 -399232.0
429 928 181 75 211 180 170 102 -651068.7
628 723 115 231 281 220 121 238 -739663.8
29 880 291 124 204 52 39 104 -791299.0
315 891 100 227 106 228 84 204 -806786.0
809 260 98 2 2 286 279 113 -807184.5
237 824 213 188 39 147 63 6 -1045417.3
852 298 82 127 161 192 35 35 -1167566.6
788 427 76 49 119 74 103 82 -1458237.9
371 565 61 272 285 249 25 45 -1525663.9
540 813 36 142 128 195 16 200 -1676437.5
394 957 188 274 263 35 83 280 -2171943.5
26 705 138 214 48 3 219 10 -2295866.8
382 593 265 153 26 262 156 71 -3798099.2
Mejor: 26 298 98 231 26 139 83 35 843334.8

-------------------------------------------------
GENERACIÓN 19
565 859 158 127 255 139 126 141 380596.5
394 957 188 274 263 35 83 280 -373757.34
852 298 82 127 161 192 35 35 -580485.5
371 565 61 272 285 249 25 45 -829817.5
429 928 181 75 211 180 170 102 -1302404.1
628 880 291 231 204 220 121 238 -1420649.0
382 593 138 153 26 262 156 71 -1437755.5
237 824 213 188 39 147 63 6 -1730382.5
540 813 36 142 128 195 16 200 -1746728.5
315 260 100 227 106 286 84 204 -1780424.0
120 873 191 246 37 228 154 137 -1804857.9
809 891 98 2 2 228 279 113 -1835854.6
26 705 265 214 48 3 219 10 -1860909.6
29 723 115 124 281 52 39 104 -1962396.1
218 534 180 142 77 83 147 227 -2840620.0
788 427 76 49 119 74 103 82 -4006908.0
Mejor: 26 298 98 231 26 139 83 35 843334.8

-------------------------------------------------
GENERACIÓN 20
429 928 181 231 204 220 170 102 32987.0
565 859 158 127 255 139 126 141 32857.0
394 957 188 274 263 35 83 280 -230344.17
371 565 61 272 285 249 25 45 -550698.3
852 298 82 127 161 192 35 35 -1081389.6
120 873 191 246 37 228 154 137 -1115051.9
237 824 213 188 39 147 63 6 -1215557.6
29 723 115 124 281 52 39 104 -1508332.9
788 427 180 49 77 74 103 82 -2214373.8
26 705 265 214 48 3 219 10 -2301110.8
382 593 138 153 26 262 156 71 -2328461.2
218 534 76 142 119 83 147 227 -2342315.2
540 260 36 142 128 286 84 200 -2433054.2
809 891 98 2 2 228 279 113 -2591750.2
315 813 100 227 106 195 16 204 -3250868.0
628 880 291 75 211 180 121 238 -3386206.2
Mejor: 26 298 98 231 26 139 83 35 843334.8

-------------------------------------------------
