GENERACIÓN 0
807 807 174 262 103 247 147 58 -0.0140965395
586 624 177 290 11 210 234 215 -0.017901538
279 316 40 166 269 225 214 159 -0.019128965
58 559 18 298 0 163 16 172 -0.019280933
902 933 99 253 106 2 216 74 -0.020969853
503 618 17 266 192 295 229 20 -0.021480119
522 781 27 173 73 208 274 27 -0.021920016
535 918 118 237 152 13 49 81 -0.025200019
50 954 280 134 37 160 27 239 -0.15188603
53 179 51 190 153 86 1 227 -0.16727251
234 345 232 227 43 188 219 64 -0.17382884
22 330 43 74 55 5 118 294 -0.19030292
725 771 280 22 162 252 285 143 -0.3222007
90 701 28 270 280 164 277 64 -0.37874234
933 946 76 262 155 9 54 158 -0.39311633
183 372 185 119 263 217 4 156 -0.5597623

-------------------------------------------------
GENERACIÓN 1
807 807 174 262 103 247 147 58 -0.0140965395
586 624 177 290 11 210 234 215 -0.017901538
279 316 40 166 269 225 214 159 -0.019128965
58 559 18 298 0 163 16 172 -0.019280933
406 599 109 284 217 159 250 221 -0.020060925
902 933 99 253 106 2 216 74 -0.020969853
522 918 27 237 73 13 274 27 -0.021141717
503 618 17 266 192 295 229 20 -0.021480119
535 918 118 237 152 13 49 81 -0.025200019
744 935 44 30 239 243 272 16 -0.14593424
91 570 30 244 126 196 297 60 -0.1532117
22 553 211 179 81 16 177 39 -0.15409057
315 401 157 155 35 85 71 108 -0.15707804
412 524 260 140 107 26 248 103 -0.19989133
411 825 232 207 205 185 105 53 -0.3251637
752 800 238 152 62 163 287 54 -0.47666276

-------------------------------------------------
GENERACIÓN 2
807 807 174 262 103 247 147 58 -0.0140965395
360 429 90 3 89 49 112 128 -0.016108254
58 559 18 298 269 163 214 159 -0.016350776
442 702 48 1 81 179 171 100 -0.017053219
279 316 40 166 0 225 16 172 -0.01779615
341 755 273 145 156 22 1 264 -0.01786673
586 624 177 290 11 210 234 215 -0.017901538
272 694 217 216 151 14 221 287 -0.018468684
211 768 241 5 157 37 150 1 -0.0192018
406 434 99 253 106 2 216 74 -0.01927139
902 933 109 284 217 159 250 221 -0.020356307
367 424 99 223 121 218 233 227 -0.020853326
522 918 27 237 73 13 274 27 -0.021141717
503 618 17 266 192 295 229 20 -0.021480119
169 454 142 182 235 192 121 62 -0.15741001
203 344 99 33 98 297 50 42 -0.19869678

-------------------------------------------------
GENERACIÓN 3
807 807 174 262 103 247 147 58 -0.0140965395
360 429 90 3 89 49 112 128 -0.016108254
58 559 18 298 269 163 214 159 -0.016350776
442 702 48 1 81 179 171 100 -0.017053219
279 316 40 166 0 225 16 172 -0.01779615
341 755 273 145 156 22 1 264 -0.01786673
586 624 177 290 11 210 234 215 -0.017901538
272 694 217 216 151 14 221 287 -0.018468684
320 742 274 148 188 103 140 232 -0.019737931
875 936 4 111 283 59 50 74 -0.022233702
131 547 217 46 185 224 5 104 -0.023056215
210 611 273 45 271 240 147 171 -0.17074327
459 744 120 106 142 86 278 123 -0.17617518
556 582 125 222 267 175 287 203 -0.19981992
492 622 12 167 13 96 84 11 -0.25447258
428 671 178 291 197 267 71 197 -0.28821272

-------------------------------------------------
GENERACIÓN 4
807 807 174 262 103 247 147 58 -0.0140965395
360 429 90 3 89 49 112 128 -0.016108254
58 559 18 298 269 163 214 159 -0.016350776
442 702 48 1 81 179 171 100 -0.017053219
279 316 40 166 0 225 16 172 -0.01779615
112 730 240 174 213 209 106 185 -0.017846275
341 755 273 145 156 22 1 264 -0.01786673
48 624 217 216 11 14 234 287 -0.018312892
586 694 177 290 151 162 221 215 -0.018399814
658 936 238 251 38 133 73 152 -0.01886694
586 592 100 16 92 172 15 39 -0.019173468
413 647 221 187 244 221 186 29 -0.02255799
130 721 206 1 235 44 292 266 -0.15337594
871 942 77 171 164 168 15 154 -0.1592063
876 948 46 149 184 166 292 128 -0.30253783
126 653 291 30 268 284 18 144 -0.6071891

-------------------------------------------------
GENERACIÓN 5
807 807 174 262 103 247 147 58 -0.0140965395
360 429 90 3 89 49 112 128 -0.016108254
58 559 18 298 269 163 214 159 -0.016350776
58 702 18 1 269 163 171 159 -0.016454833
784 895 212 202 6 249 83 295 -0.016803354
279 316 40 166 0 225 16 172 -0.01779615
112 730 240 174 213 209 106 185 -0.017846275
341 755 273 145 156 22 1 264 -0.01786673
48 624 217 216 11 14 234 287 -0.018312892
126 479 199 284 292 52 163 133 -0.021575004
897 937 83 43 281 119 50 295 -0.15617695
414 912 285 159 243 151 221 33 -0.16235955
900 904 85 256 285 264 136 19 -0.17387646
492 575 193 254 216 161 80 55 -0.17407687
681 801 201 287 136 73 96 156 -0.34153524
455 598 135 193 12 280 82 203 -0.59107065

-------------------------------------------------
GENERACIÓN 6
807 807 174 262 103 247 147 58 -0.0140965395
112 730 240 145 156 209 106 264 -0.015604614
58 559 18 298 269 163 90 159 -0.015656197
360 429 90 3 89 49 112 128 -0.016108254
374 415 36 153 27 20 180 165 -0.016130457
58 559 18 298 269 163 214 159 -0.016350776
784 895 212 202 6 249 83 295 -0.016803354
219 949 28 168 104 198 221 146 -0.017658057
279 316 40 166 0 225 16 172 -0.01779615
112 730 240 174 213 209 106 185 -0.017846275
750 754 215 228 212 79 123 278 -0.026789954
32 260 270 277 169 169 56 252 -0.16393237
797 820 101 128 86 244 87 228 -0.16510323
207 904 140 278 142 68 183 12 -0.17256977
555 947 219 149 3 37 244 162 -0.1833845
399 690 128 290 2 259 80 188 -0.4526757

-------------------------------------------------
GENERACIÓN 7
807 807 174 262 103 247 147 58 -0.0140965395
112 730 240 145 156 209 106 264 -0.015604614
58 559 18 298 269 163 90 159 -0.015656197
360 429 90 3 89 49 112 128 -0.016108254
374 415 36 153 27 20 180 165 -0.016130457
58 559 18 298 269 163 214 159 -0.016350776
784 895 212 168 104 249 83 295 -0.016582524
219 949 28 168 104 198 221 146 -0.017658057
2 561 91 123 262 200 118 228 -0.019276073
377 789 220 103 266 275 160 259 -0.02087781
725 783 284 134 10 279 273 4 -0.15932845
626 806 14 264 217 20 284 169 -0.16042896
443 801 17 85 194 8 71 137 -0.16447772
491 745 7 203 56 226 28 20 -0.17161773
344 413 116 2 3 192 286 23 -0.19831043
898 930 243 128 27 84 104 42 -0.20115085

-------------------------------------------------
GENERACIÓN 8
807 807 174 262 103 247 147 58 -0.0140965395
112 730 240 145 156 209 106 264 -0.015604614
58 559 18 298 269 163 90 159 -0.015656197
360 429 90 3 89 49 112 128 -0.016108254
374 415 36 153 27 20 180 165 -0.016130457
58 559 18 298 269 163 214 159 -0.016350776
784 949 212 168 104 249 123 295 -0.017212117
168 720 179 78 232 122 285 83 -0.017569281
219 949 28 168 104 198 221 146 -0.017658057
688 716 290 9 280 127 51 286 -0.026078552
600 926 206 30 120 190 239 86 -0.04252772
101 892 256 14 20 283 215 202 -0.15914239
204 391 28 271 145 253 156 243 -0.17438565
377 937 60 182 20 10 215 281 -0.21592557
440 720 133 126 114 156 222 34 -0.23329149
20 618 242 229 108 150 52 283 -0.30261996

-------------------------------------------------
GENERACIÓN 9
58 559 36 298 269 163 180 159 -0.013624816
807 807 174 262 103 247 147 58 -0.0140965395
112 730 240 145 156 209 106 264 -0.015604614
58 559 18 298 269 163 90 159 -0.015656197
58 429 18 3 89 163 90 159 -0.016059427
374 415 36 153 27 20 180 165 -0.016130457
784 949 212 168 104 249 123 295 -0.017212117
168 720 179 78 232 122 285 83 -0.017569281
798 833 163 174 18 100 110 117 -0.018681595
953 956 114 193 255 265 253 209 -0.019289443
657 844 204 267 155 24 257 180 -0.019321721
83 187 163 160 176 9 240 112 -0.019470138
879 921 133 137 208 249 277 124 -0.022152377
670 768 250 153 223 132 150 255 -0.028891683
187 819 270 211 293 176 264 266 -0.15894736
890 958 3 180 14 143 164 75 -0.17373556

-------------------------------------------------
GENERACIÓN 10
58 559 36 298 269 163 180 159 -0.013624816
112 730 240 298 269 163 106 264 -0.013754986
807 807 174 262 103 247 147 58 -0.0140965395
374 61 18 153 27 20 90 159 -0.01524534
58 559 18 298 269 163 90 159 -0.015656197
58 429 18 3 89 163 90 159 -0.016059427
769 881 223 260 131 30 142 90 -0.016359232
192 492 270 10 128 89 76 141 -0.016377533
784 949 212 168 104 249 123 295 -0.017212117
168 720 179 78 232 122 285 83 -0.017569281
450 499 227 34 141 132 75 200 -0.018525917
448 817 67 137 241 16 260 115 -0.021278925
59 427 278 95 262 88 86 279 -0.028603293
63 684 248 158 74 138 165 188 -0.15336615
205 778 100 213 279 76 184 106 -0.24382563
132 888 262 204 295 115 135 144 -0.31463724

-------------------------------------------------
GENERACIÓN 11
58 559 36 298 269 163 180 159 -0.013624816
112 730 240 298 269 163 106 264 -0.013754986
807 807 174 262 103 247 147 58 -0.0140965395
374 61 18 153 27 20 90 159 -0.01524534
58 559 18 298 269 163 90 159 -0.015656197
119 198 30 146 205 220 69 292 -0.01587459
58 429 18 3 89 163 90 159 -0.016059427
769 881 223 260 131 30 142 90 -0.016359232
192 492 270 10 128 89 76 141 -0.016377533
423 908 259 32 299 139 95 39 -0.026655508
13 665 170 183 273 124 68 222 -0.15361507
339 938 177 107 75 97 179 20 -0.18029855
264 911 97 258 245 27 6 248 -0.18212694
478 515 17 206 207 75 188 106 -0.18721361
339 451 231 173 204 34 282 144 -0.23384291
404 958 49 40 236 126 213 112 -0.53974116

-------------------------------------------------
GENERACIÓN 12
58 559 36 298 269 163 180 159 -0.013624816
112 730 240 298 269 163 106 264 -0.013754986
807 807 174 262 103 247 147 58 -0.0140965395
374 61 18 153 27 20 90 159 -0.01524534
58 559 18 298 269 163 90 159 -0.015656197
119 198 30 146 205 220 69 292 -0.01587459
58 429 18 3 89 163 90 159 -0.016059427
769 881 223 260 131 30 142 90 -0.016359232
783 823 145 65 45 197 228 159 -0.019657495
879 951 120 159 260 149 208 181 -0.02187383
922 951 242 182 180 58 242 247 -0.02265354
319 751 85 119 214 243 41 72 -0.044400778
370 889 242 207 114 179 225 283 -0.15271477
631 899 21 61 266 53 212 231 -0.152957
455 745 128 201 280 279 292 200 -0.17007639
158 168 293 13 76 246 87 68 -0.18067564

-------------------------------------------------
GENERACIÓN 13
58 559 36 298 269 163 180 159 -0.013624816
112 730 240 298 269 163 106 264 -0.013754986
807 807 174 262 103 247 147 58 -0.0140965395
374 61 18 153 27 20 90 159 -0.01524534
58 559 18 298 269 163 90 159 -0.015656197
119 198 30 146 205 220 69 292 -0.01587459
58 429 18 3 89 163 90 159 -0.016059427
896 924 151 111 121 296 108 209 -0.01624523
769 881 223 260 131 30 142 90 -0.016359232
655 914 156 20 148 170 288 178 -0.021506308
325 523 233 299 208 212 173 151 -0.024178311
281 926 284 91 211 129 192 141 -0.026383214
788 916 107 210 194 91 151 44 -0.1660846
722 765 14 111 169 78 137 226 -0.17158322
308 339 38 245 23 95 125 168 -0.2895287
144 349 149 209 38 154 266 223 -0.29347435

-------------------------------------------------
GENERACIÓN 14
58 559 36 298 269 163 180 159 -0.013624816
112 730 240 298 269 163 106 264 -0.013754986
807 807 174 262 103 247 147 58 -0.0140965395
374 61 18 153 27 20 90 159 -0.01524534
58 559 18 298 269 163 90 159 -0.015656197
119 198 30 146 205 220 69 292 -0.01587459
58 429 18 3 89 163 90 159 -0.016059427
896 924 151 111 121 296 108 209 -0.01624523
564 643 239 219 100 258 38 76 -0.01746484
410 559 247 102 200 101 263 18 -0.019330265
757 946 272 180 201 40 213 188 -0.019453863
718 874 117 75 111 290 26 217 -0.019478252
312 610 103 204 96 202 290 10 -0.15091224
545 800 259 195 70 249 105 239 -0.15863413
769 842 101 20 202 224 101 49 -0.37322962
330 436 45 289 30 114 86 157 -0.64131397

-------------------------------------------------
GENERACIÓN 15
58 559 36 298 269 163 180 159 -0.013624816
112 730 240 298 269 163 106 264 -0.013754986
807 807 174 262 103 247 147 58 -0.0140965395
374 61 18 153 27 20 90 159 -0.01524534
58 559 18 298 269 163 90 159 -0.015656197
58 924 18 112 121 163 108 209 -0.015823452
119 198 30 146 205 220 69 292 -0.01587459
896 924 151 111 121 296 108 209 -0.01624523
951 956 54 200 100 178 65 97 -0.019815115
312 726 75 179 253 177 61 121 -0.020679846
84 331 217 115 31 287 173 105 -0.020792428
306 382 277 211 12 9 269 272 -0.021263713
817 905 168 145 188 222 46 50 -0.023079237
883 925 176 137 135 48 61 4 -0.15017682
16 785 100 269 131 17 38 199 -0.1578797
134 394 86 249 144 205 117 150 -0.17362164

-------------------------------------------------
GENERACIÓN 16
58 559 36 298 269 163 180 159 -0.013624816
112 730 240 298 269 163 106 264 -0.013754986
807 807 174 262 103 247 147 58 -0.0140965395
374 61 18 153 27 20 90 159 -0.01524534
58 559 18 298 269 163 90 159 -0.015656197
58 924 18 112 121 163 108 209 -0.015823452
119 198 30 146 205 220 69 292 -0.01587459
896 924 151 111 121 296 108 209 -0.01624523
724 863 36 273 109 131 217 265 -0.15280072
548 946 49 92 115 161 280 261 -0.1528637
195 775 188 230 230 223 225 284 -0.16548893
798 925 28 47 47 28 88 217 -0.175403
386 787 182 264 96 266 27 147 -0.19587405
164 657 101 96 60 13 247 223 -0.19774526
62 929 57 67 69 99 192 243 -0.31846407
315 857 267 249 188 120 84 182 -0.4323322

-------------------------------------------------
GENERACIÓN 17
58 559 36 298 269 163 180 159 -0.013624816
112 730 240 298 269 163 106 264 -0.013754986
807 807 174 262 103 247 147 58 -0.0140965395
374 61 18 153 27 20 90 159 -0.01524534
58 559 18 298 269 163 90 159 -0.015656197
58 924 18 112 121 163 108 209 -0.015823452
119 198 30 146 205 220 69 292 -0.01587459
417 443 17 233 140 126 138 53 -0.016069824
896 924 151 111 121 296 108 209 -0.01624523
185 717 64 29 255 133 95 93 -0.020723976
146 655 115 278 140 24 229 12 -0.020944623
323 354 295 151 109 277 18 297 -0.03136538
669 851 257 290 31 65 16 228 -0.15141995
836 867 67 51 157 156 49 168 -0.1845789
663 849 241 116 279 298 229 286 -0.2685499
891 924 73 200 72 49 150 213 -0.30540118

-------------------------------------------------
GENERACIÓN 18
58 559 36 298 269 163 180 159 -0.013624816
112 730 240 298 269 163 106 264 -0.013754986
807 807 174 262 103 247 147 58 -0.0140965395
374 61 18 153 27 20 90 159 -0.01524534
58 559 18 298 269 163 90 159 -0.015656197
58 924 18 112 121 163 108 209 -0.015823452
119 198 30 146 205 220 69 292 -0.01587459
417 443 17 233 140 126 138 53 -0.016069824
613 799 34 288 252 270 193 160 -0.017692277
244 286 290 222 198 238 188 121 -0.018612625
883 903 123 86 144 138 265 262 -0.022408389
278 814 219 192 195 163 63 191 -0.1771412
3 821 21 93 190 235 205 1 -0.1812136
385 823 136 234 179 5 141 114 -0.28155977
79 881 271 185 55 135 281 212 -0.292173
708 774 165 279 230 224 93 8 -0.4713386

-------------------------------------------------
GENERACIÓN 19
58 559 36 298 269 163 180 159 -0.013624816
112 730 240 298 269 163 106 264 -0.013754986
807 807 174 262 103 247 147 58 -0.0140965395
374 61 18 153 27 20 90 159 -0.01524534
417 443 17 146 205 220 86 53 -0.015293618
58 559 18 298 269 163 90 159 -0.015656197
58 924 18 112 121 163 108 209 -0.015823452
119 198 30 146 205 220 69 292 -0.01587459
456 803 285 71 200 203 126 262 -0.017351689
932 953 44 263 251 76 133 188 -0.019743081
601 799 52 55 56 147 292 158 -0.02269795
887 904 76 237 115 121 285 177 -0.025639
13 709 78 7 105 189 70 219 -0.15395363
278 491 284 190 99 136 88 47 -0.16108494
664 692 140 173 224 117 204 237 -0.16449647
308 445 90 87 210 224 97 160 -0.21328081

-------------------------------------------------
GENERACIÓN 20
58 559 36 298 269 163 180 159 -0.013624816
112 730 240 298 269 163 106 264 -0.013754986
807 807 174 262 103 247 147 58 -0.0140965395
374 61 18 153 27 20 90 159 -0.01524534
417 443 17 146 205 220 86 53 -0.015293618
58 559 18 298 269 163 90 159 -0.015656197
58 924 18 112 121 163 108 209 -0.015823452
119 198 30 146 205 220 69 292 -0.01587459
128 547 9 74 72 283 241 81 -0.01608028
287 368 245 170 16 252 112 116 -0.017587198
525 958 258 93 113 132 76 160 -0.0185016
3 59 176 168 59 249 217 260 -0.018725343
789 956 273 83 33 258 152 276 -0.018841412
118 168 230 161 94 78 250 248 -0.021032823
147 658 31 53 161 49 173 281 -0.023177003
107 831 214 172 182 297 199 107 -0.21645075

-------------------------------------------------
GENERACIÓN 21
58 559 36 298 269 163 180 159 -0.013624816
56 633 251 189 161 212 35 197 -0.013628895
112 730 240 298 269 163 106 264 -0.013754986
807 807 174 262 103 247 147 58 -0.0140965395
374 61 18 153 27 20 90 159 -0.01524534
417 443 17 146 205 220 86 53 -0.015293618
58 559 18 298 269 163 90 159 -0.015656197
58 924 18 112 121 163 108 209 -0.015823452
119 198 30 146 205 220 69 292 -0.01587459
280 509 43 273 43 55 195 66 -0.017164504
846 915 194 289 247 167 81 76 -0.025101567
335 677 60 176 125 190 0 4 -0.16769248
519 632 292 28 78 274 190 223 -0.17256832
244 819 296 92 136 60 142 66 -0.30682135
937 943 19 9 67 57 229 21 -0.319255
849 899 65 160 56 82 1 195 -0.4436593

-------------------------------------------------
GENERACIÓN 22
58 559 36 298 269 163 180 159 -0.013624816
56 633 251 189 161 212 35 197 -0.013628895
112 730 240 298 269 163 106 264 -0.013754986
807 807 174 262 103 247 147 58 -0.0140965395
374 61 18 153 27 20 90 159 -0.01524534
417 443 17 146 205 220 86 53 -0.015293618
58 559 18 298 269 163 90 159 -0.015656197
58 924 18 112 121 163 108 209 -0.015823452
41 404 190 3 17 290 71 189 -0.016947264
480 573 228 269 92 86 32 157 -0.017684532
140 472 247 253 143 268 146 269 -0.018366514
561 562 287 118 217 261 258 132 -0.024730528
687 860 30 233 231 242 24 146 -0.15627211
534 880 162 139 246 76 87 282 -0.17062713
167 651 284 262 297 293 297 277 -0.20459454
18 161 60 187 236 267 203 238 -0.35721862

-------------------------------------------------
GENERACIÓN 23
58 559 36 298 269 163 180 159 -0.013624816
56 633 251 189 161 212 35 197 -0.013628895
112 730 240 298 269 163 106 264 -0.013754986
807 807 174 262 103 247 147 58 -0.0140965395
417 61 18 146 27 220 90 159 -0.015209836
374 61 18 153 27 20 90 159 -0.01524534
655 778 80 175 199 15 21 243 -0.015449413
58 559 18 298 269 163 90 159 -0.015656197
58 924 18 112 121 163 108 209 -0.015823452
943 946 19 238 234 68 173 178 -0.018270422
206 891 90 294 170 228 94 99 -0.018488362
714 959 236 249 177 271 211 262 -0.020201715
891 898 252 172 159 23 113 171 -0.022780957
664 933 60 80 116 30 169 284 -0.16152059
156 552 286 36 18 70 120 126 -0.18776838
651 901 299 251 11 122 254 9 -0.2506301

-------------------------------------------------
GENERACIÓN 24
58 559 36 298 269 163 180 159 -0.013624816
56 633 251 189 161 212 35 197 -0.013628895
112 730 240 298 269 163 106 264 -0.013754986
807 807 174 262 103 247 147 58 -0.0140965395
417 61 18 146 27 20 90 159 -0.015174039
374 61 18 153 27 20 90 159 -0.01524534
655 778 80 175 199 15 21 243 -0.015449413
58 559 18 298 269 163 90 159 -0.015656197
731 831 270 61 274 179 19 275 -0.01963117
80 248 88 88 7 149 212 160 -0.023584953
655 693 273 155 195 93 166 65 -0.024136571
891 929 60 263 104 19 193 117 -0.03608618
769 884 188 221 186 118 101 145 -0.16482113
356 871 146 184 293 250 256 240 -0.25332645
565 929 213 106 109 53 276 34 -0.3195252
445 556 165 123 171 34 37 128 -0.40610242

-------------------------------------------------
GENERACIÓN 25
58 559 36 298 269 163 180 159 -0.013624816
56 633 251 189 161 212 35 197 -0.013628895
112 730 240 298 269 163 106 264 -0.013754986
807 807 174 262 103 247 147 58 -0.0140965395
770 790 265 179 259 108 203 101 -0.01443344
417 61 18 146 27 20 90 159 -0.015174039
374 61 18 153 27 20 90 159 -0.01524534
655 778 80 175 199 15 21 243 -0.015449413
58 559 18 298 269 163 90 159 -0.015656197
150 426 19 81 102 242 21 232 -0.020316819
949 954 14 270 208 67 25 198 -0.023156168
776 919 294 66 212 31 11 277 -0.16341724
955 959 233 254 56 142 127 174 -0.17261201
334 630 195 146 173 230 291 129 -0.31419954
433 822 181 43 131 30 299 186 -0.33870307
698 749 200 215 90 268 209 111 -0.35211143

-------------------------------------------------
GENERACIÓN 26
58 559 36 298 269 163 180 159 -0.013624816
56 633 251 189 161 212 35 197 -0.013628895
112 730 240 298 269 163 106 264 -0.013754986
807 807 174 262 103 247 147 58 -0.0140965395
770 790 265 179 259 108 203 101 -0.01443344
417 61 18 146 27 20 90 159 -0.015174039
374 61 18 153 27 20 90 159 -0.01524534
655 778 80 175 199 15 21 243 -0.015449413
859 874 190 172 220 208 252 235 -0.016598647
148 508 251 227 24 140 186 95 -0.016794153
295 493 255 163 202 162 267 195 -0.018587349
521 736 263 249 257 89 6 162 -0.018631179
418 720 243 157 76 208 238 213 -0.2430358
42 487 55 128 82 190 255 96 -0.2548611
494 727 167 16 157 43 275 55 -0.3233312
733 832 48 23 179 17 7 119 -0.38564667

-------------------------------------------------
GENERACIÓN 27
58 559 251 298 269 212 35 159 -0.01334327
58 559 36 298 269 163 180 159 -0.013624816
112 730 240 298 269 163 106 264 -0.013754986
807 807 174 262 103 247 147 58 -0.0140965395
770 790 265 179 259 108 203 101 -0.01443344
417 61 18 146 27 20 90 159 -0.015174039
374 61 18 153 27 20 90 159 -0.01524534
655 778 80 175 199 15 21 243 -0.015449413
65 427 116 202 255 202 245 69 -0.018305466
109 669 287 248 290 195 108 86 -0.019993052
400 667 232 77 65 280 103 280 -0.020684807
97 505 272 256 24 95 39 150 -0.022462932
943 950 141 219 8 128 79 72 -0.15425348
624 674 70 107 9 82 191 48 -0.15658203
784 870 21 233 198 170 70 77 -0.1696894
828 909 49 48 184 157 230 72 -0.28439596

-------------------------------------------------
GENERACIÓN 28
58 559 251 298 269 212 35 159 -0.01334327
58 559 36 298 269 163 180 159 -0.013624816
112 730 240 298 269 163 106 264 -0.013754986
807 807 174 262 103 247 147 58 -0.0140965395
770 790 265 179 259 108 203 101 -0.01443344
417 61 18 146 27 20 90 159 -0.015174039
374 61 18 153 27 20 90 159 -0.01524534
655 778 80 175 199 15 21 243 -0.015449413
601 784 242 139 215 297 245 139 -0.01714315
790 818 208 90 263 135 140 133 -0.017467251
752 912 275 216 161 34 41 271 -0.06576121
429 922 252 295 20 6 108 148 -0.1554782
266 906 235 60 251 77 31 201 -0.15567197
565 653 200 175 120 252 232 227 -0.15575027
11 551 184 140 208 109 62 279 -0.15771039
210 687 43 106 203 240 230 69 -0.1677178

-------------------------------------------------
GENERACIÓN 29
58 559 251 298 269 212 35 159 -0.01334327
58 559 36 298 269 163 180 159 -0.013624816
112 730 240 298 269 163 106 264 -0.013754986
807 807 174 262 103 247 147 58 -0.0140965395
770 790 265 179 259 108 203 101 -0.01443344
167 394 163 224 140 87 266 14 -0.01448899
307 958 21 281 255 202 135 262 -0.014696035
417 61 18 146 27 20 90 159 -0.015174039
374 61 18 153 27 20 90 159 -0.01524534
655 778 80 175 199 15 21 243 -0.015449413
571 644 186 120 35 227 224 257 -0.01611988
501 619 115 118 119 53 259 245 -0.02222901
391 548 224 17 39 255 242 296 -0.022285426
331 715 251 0 15 149 279 143 -0.15273495
462 856 193 227 152 66 70 169 -0.31460518
409 619 50 294 145 84 176 138 -0.43919173

-------------------------------------------------
GENERACIÓN 30
58 559 251 298 269 212 35 159 -0.01334327
58 559 36 298 269 163 180 159 -0.013624816
112 730 240 298 269 163 106 264 -0.013754986
807 807 174 262 103 247 147 58 -0.0140965395
770 790 265 179 259 108 203 101 -0.01443344
167 394 163 224 140 87 266 14 -0.01448899
307 958 21 281 255 202 135 262 -0.014696035
417 61 18 146 27 20 90 159 -0.015174039
516 752 27 137 85 266 225 22 -0.018126994
787 872 60 146 89 250 189 12 -0.019664545
823 959 235 228 152 36 157 49 -0.15647613
260 604 295 191 7 117 217 150 -0.16047312
870 919 11 64 105 252 174 23 -0.16275804
82 889 136 149 205 33 233 202 -0.16343781
326 844 166 216 245 210 198 257 -0.17123611
226 477 84 61 68 186 15 14 -0.18123324

-------------------------------------------------
