GENERACIÓN 0
297 624 45 215 124 151 217 80 -6591200.5
454 609 231 249 291 113 275 273 -9127525.0
755 802 258 49 24 96 233 202 -9248449.0
929 937 65 181 44 130 295 16 -9576284.0
885 944 275 160 226 7 197 183 -9754559.0
770 928 38 299 247 144 176 230 -9807389.0
506 859 296 155 222 33 141 3 -9977733.0
165 208 90 216 80 162 185 275 -1.0328695E7
821 903 199 84 73 285 197 275 -1.0401099E7
913 920 246 109 131 118 12 110 -1.0647293E7
545 590 22 185 73 43 120 111 -1.0799627E7
465 704 244 0 185 132 221 166 -1.0926092E7
26 554 137 232 216 30 249 59 -1.1357973E7
268 912 256 12 280 245 68 181 -1.1668105E7
929 945 72 137 296 170 204 121 -1.1917003E7
916 948 65 274 161 156 19 247 -1.2254455E7
Mejor: 297 624 45 215 124 151 217 80 -6591200.5

-------------------------------------------------
GENERACIÓN 1
268 554 256 232 216 245 249 181 -7037168.0
821 903 199 84 73 285 197 275 -8401643.0
929 948 65 274 296 170 204 121 -8406136.0
929 937 258 181 24 130 233 16 -8437489.0
770 944 275 299 247 7 176 230 -9481465.0
755 802 65 49 44 96 295 202 -9661073.0
545 590 22 185 73 132 221 111 -9686085.0
465 704 244 0 185 43 120 166 -9698371.0
454 609 231 249 291 113 275 273 -9857875.0
506 859 296 155 222 33 141 3 -1.0197325E7
297 624 45 215 124 151 217 80 -1.0568359E7
885 928 38 160 226 144 197 183 -1.0781343E7
26 912 137 12 280 30 68 59 -1.1135388E7
165 208 90 216 80 162 185 275 -1.1353751E7
913 920 246 109 131 118 12 110 -1.1630371E7
916 945 72 137 161 156 19 247 -1.2373889E7
Mejor: 297 624 45 215 124 151 217 80 -6591200.5

-------------------------------------------------
GENERACIÓN 2
821 903 199 84 73 285 197 275 -4829565.5
770 944 65 299 247 96 295 202 -7504638.5
929 937 65 274 296 130 233 16 -8016161.5
913 920 246 109 131 118 12 110 -8883242.0
26 912 137 12 280 30 68 59 -9117273.0
465 704 244 185 185 43 120 111 -9759567.0
929 948 258 181 24 170 204 121 -9999272.0
545 590 22 0 73 132 221 166 -1.0362837E7
165 208 90 216 80 162 185 275 -1.057198E7
885 928 38 160 226 144 217 80 -1.0641081E7
506 859 296 155 222 33 141 3 -1.0853507E7
297 624 45 215 124 151 197 183 -1.1074972E7
268 554 256 232 216 245 249 181 -1.112811E7
916 945 72 137 161 156 19 247 -1.1140646E7
454 609 231 249 291 113 275 273 -1.1981223E7
755 802 275 49 44 7 176 230 -1.2405584E7
Mejor: 821 903 199 84 73 285 197 275 -4829565.5

-------------------------------------------------
GENERACIÓN 3
821 903 65 84 247 285 295 275 -5652654.5
297 624 45 215 124 151 197 183 -6894243.5
913 920 246 109 296 130 12 16 -7724103.5
755 802 275 49 44 7 176 230 -8659548.0
26 704 137 185 185 30 68 59 -9057455.0
770 944 199 299 73 96 197 202 -9330031.0
165 208 90 216 80 162 185 275 -9466791.0
454 609 231 249 291 113 275 273 -9876574.0
929 948 258 0 24 170 204 121 -9953390.0
506 859 296 155 222 33 141 3 -9957288.0
929 937 65 274 131 118 233 110 -1.0071681E7
885 928 38 160 226 144 217 80 -1.0907971E7
916 554 72 232 161 245 249 247 -1.1218201E7
268 945 256 137 216 156 19 181 -1.1352971E7
465 912 244 12 280 43 120 111 -1.1812183E7
545 590 22 181 73 132 221 166 -1.1874061E7
Mejor: 821 903 199 84 73 285 197 275 -4829565.5

-------------------------------------------------
GENERACIÓN 4
454 609 231 249 291 113 275 273 -6442118.5
297 903 65 215 247 285 197 275 -6959864.5
929 948 258 0 24 170 204 121 -7740976.0
916 554 72 232 161 245 249 247 -8111969.5
268 945 256 137 216 156 19 181 -8871605.0
465 590 244 181 280 43 120 166 -9419173.0
755 802 275 49 44 7 176 230 -9757065.0
165 208 90 216 80 162 185 275 -9883284.0
929 937 38 274 226 144 217 110 -1.0134111E7
506 859 296 155 222 33 141 3 -1.0242003E7
821 624 45 84 124 151 295 183 -1.0419158E7
545 912 22 12 73 132 221 111 -1.046246E7
885 928 65 160 131 118 233 80 -1.057265E7
770 944 137 299 73 30 197 59 -1.0828962E7
913 920 246 109 296 130 12 16 -1.1507501E7
26 704 199 185 185 96 68 202 -1.1846613E7
Mejor: 821 903 199 84 73 285 197 275 -4829565.5

-------------------------------------------------
GENERACIÓN 5
268 945 256 137 216 156 19 181 -6818440.5
885 928 65 160 131 118 233 80 -8481696.0
821 624 45 84 124 151 295 183 -8490466.0
929 948 258 232 24 245 204 121 -8935971.0
506 859 296 155 226 33 217 3 -9676263.0
545 912 22 12 73 132 221 111 -9821465.0
165 208 90 216 80 162 185 275 -1.0044523E7
913 920 199 109 185 96 68 16 -1.0355741E7
465 590 244 181 280 43 120 166 -1.0957537E7
454 903 65 215 247 113 197 273 -1.1037455E7
297 609 231 249 291 285 275 275 -1.1143993E7
755 802 275 49 44 7 176 230 -1.1535079E7
916 554 72 0 161 170 249 247 -1.156498E7
929 937 38 274 222 144 141 110 -1.1589141E7
770 944 137 299 73 30 197 59 -1.1727509E7
26 704 246 185 296 130 12 202 -1.1763688E7
Mejor: 821 903 199 84 73 285 197 275 -4829565.5

-------------------------------------------------
GENERACIÓN 6
465 590 65 215 280 113 197 273 -7291066.5
297 609 231 249 291 285 275 275 -8688565.0
770 944 137 299 73 30 197 59 -9559831.0
929 948 258 232 24 245 204 121 -9621540.0
454 903 244 181 247 43 120 166 -9661624.0
545 912 22 12 73 132 221 111 -9721667.0
916 554 72 0 161 144 249 110 -1.0196591E7
165 208 90 216 80 162 185 275 -1.0621692E7
755 802 275 49 44 7 176 230 -1.0682001E7
506 859 296 155 226 33 217 3 -1.0724385E7
26 704 246 185 296 130 12 202 -1.0852404E7
268 945 256 137 216 156 19 181 -1.0950336E7
913 920 199 109 185 96 68 16 -1.0958276E7
885 928 65 160 131 118 233 80 -1.0981607E7
929 937 38 274 222 170 141 247 -1.1095493E7
821 624 45 84 124 151 295 183 -1.1924824E7
Mejor: 821 903 199 84 73 285 197 275 -4829565.5

-------------------------------------------------
GENERACIÓN 7
755 802 275 49 44 7 176 230 -6035862.5
916 554 72 0 161 144 249 110 -6751708.0
268 704 256 137 216 130 19 181 -7774674.0
465 590 65 215 280 113 197 273 -8373282.5
770 948 258 232 24 30 204 121 -8777629.0
929 944 137 299 73 245 197 59 -9153105.0
545 912 22 181 247 132 120 166 -9345944.0
913 920 65 109 185 118 68 16 -9448833.0
929 937 38 274 222 170 141 247 -9934633.0
506 859 296 155 226 33 217 3 -1.0314881E7
297 609 231 249 291 285 275 275 -1.0614724E7
26 945 246 185 296 156 12 202 -1.1053557E7
885 928 199 160 131 96 233 80 -1.1063044E7
454 903 244 12 73 43 221 111 -1.1504107E7
165 208 90 216 80 162 185 275 -1.165042E7
821 624 45 84 124 151 295 183 -1.1720161E7
Mejor: 821 903 199 84 73 285 197 275 -4829565.5

-------------------------------------------------
GENERACIÓN 8
165 624 45 84 124 162 295 275 -7280638.5
916 554 72 0 44 7 176 110 -7806821.5
755 802 275 49 161 144 249 230 -8457400.0
454 903 244 12 131 96 233 80 -8894801.0
26 609 231 185 296 285 12 202 -9300971.0
913 912 22 109 247 132 120 166 -9550849.0
297 945 246 249 291 156 275 275 -9647750.0
885 928 199 160 73 43 221 111 -9834092.0
268 704 256 137 216 130 19 181 -1.0135632E7
465 590 65 215 280 113 197 273 -1.0141793E7
506 859 296 155 226 33 217 3 -1.0444842E7
770 944 258 232 24 30 197 59 -1.0664857E7
545 920 65 181 185 118 68 16 -1.0682032E7
929 937 38 274 222 170 141 247 -1.0953013E7
929 948 137 299 73 245 204 121 -1.0960101E7
821 208 90 216 80 151 185 183 -1.1918388E7
Mejor: 821 903 199 84 73 285 197 275 -4829565.5

-------------------------------------------------
GENERACIÓN 9
506 859 296 155 226 33 217 3 -7469414.0
755 802 275 49 161 144 249 230 -8815827.0
545 920 38 181 222 118 68 247 -9054383.0
465 590 256 215 280 130 19 181 -9494499.0
821 208 137 299 80 151 185 121 -9563991.0
929 948 90 216 73 245 204 183 -9882349.0
913 609 22 185 247 285 12 166 -9938025.0
929 937 65 274 185 170 141 16 -1.0015344E7
165 624 72 0 124 162 176 110 -1.0035786E7
26 912 231 109 296 132 120 202 -1.0136977E7
268 704 65 137 216 113 197 273 -1.0363801E7
297 945 246 249 291 156 275 275 -1.0855701E7
454 903 244 12 131 96 233 80 -1.0957999E7
770 944 258 232 24 30 197 59 -1.1127475E7
916 554 45 84 44 7 295 275 -1.1131466E7
885 928 199 160 73 43 221 111 -1.1149052E7
Mejor: 821 903 199 84 73 285 197 275 -4829565.5

-------------------------------------------------
GENERACIÓN 10
165 624 72 0 124 162 176 110 -8495933.0
916 554 45 160 44 43 295 111 -9005415.0
821 208 137 299 80 151 185 121 -9072843.0
454 903 244 12 131 96 233 80 -9081284.0
26 912 231 109 296 132 120 202 -9397617.0
506 859 296 155 226 33 217 3 -9943725.0
929 609 65 185 247 285 12 16 -1.0023417E7
885 928 199 84 73 7 221 275 -1.013307E7
755 802 275 49 161 144 249 230 -1.0158975E7
770 944 258 232 24 30 197 59 -1.0285879E7
545 920 38 181 222 118 68 247 -1.0299301E7
913 937 22 274 185 170 141 166 -1.0405436E7
297 945 65 137 291 113 275 273 -1.0583823E7
465 590 256 215 280 130 19 181 -1.1117487E7
268 704 246 249 216 156 197 275 -1.1389016E7
929 948 90 216 73 245 204 183 -1.1480949E7
Mejor: 821 903 199 84 73 285 197 275 -4829565.5

-------------------------------------------------
GENERACIÓN 11
465 590 256 215 291 113 275 181 -6720941.5
821 903 244 12 131 96 185 80 -7285881.5
545 920 38 181 222 118 68 247 -8734877.0
929 704 90 216 73 156 204 275 -8772091.0
770 944 275 232 161 144 197 59 -8794921.0
268 948 246 249 216 245 197 183 -9669875.0
913 937 22 274 185 170 141 166 -9755475.0
454 208 137 299 80 151 233 121 -1.0328821E7
506 912 296 155 296 132 120 3 -1.0565044E7
929 609 65 185 247 285 12 275 -1.1013207E7
885 928 199 84 73 7 221 16 -1.1216545E7
916 624 45 160 124 162 176 111 -1.1266225E7
165 554 72 0 44 43 295 110 -1.135986E7
755 802 258 49 24 30 249 230 -1.1458576E7
297 945 65 137 280 130 19 273 -1.1817507E7
26 859 231 109 226 33 217 202 -1.2155923E7
Mejor: 821 903 199 84 73 285 197 275 -4829565.5

-------------------------------------------------
GENERACIÓN 12
916 624 45 160 124 162 176 111 -5963427.5
26 945 231 109 226 33 217 202 -6692176.5
454 208 137 299 80 170 233 121 -6732068.5
913 937 22 274 185 151 141 166 -7092522.5
929 704 90 216 73 156 204 275 -8103388.5
770 944 275 232 161 245 197 183 -8752363.0
755 802 258 0 24 43 295 110 -8759371.0
268 948 246 249 216 144 197 59 -8813309.0
297 859 65 137 280 130 19 273 -9343212.0
545 920 38 181 222 118 68 247 -9348812.0
929 609 65 155 247 285 12 3 -9613346.0
165 554 72 49 44 30 249 230 -9695468.0
885 928 199 84 73 7 221 16 -1.0279224E7
465 590 256 215 291 113 275 181 -1.0877556E7
506 912 296 185 296 132 120 275 -1.1202525E7
821 903 244 12 131 96 185 80 -1.1780759E7
Mejor: 821 903 199 84 73 285 197 275 -4829565.5

-------------------------------------------------
GENERACIÓN 13
465 590 256 215 73 113 221 181 -6440114.5
545 920 65 181 222 118 19 247 -7131645.5
268 948 246 0 24 144 197 59 -7562673.5
454 208 137 299 80 170 233 121 -8672818.0
913 937 22 274 185 151 141 166 -8797531.0
26 945 45 109 124 162 217 202 -9134672.0
929 609 65 155 247 285 12 3 -9503941.0
916 624 231 160 226 33 176 111 -1.0031769E7
297 859 38 137 280 130 68 273 -1.0231399E7
821 903 244 185 296 132 120 275 -1.0282209E7
165 554 72 49 44 30 249 230 -1.0651771E7
885 928 199 84 291 7 275 16 -1.0684089E7
770 944 275 232 161 245 204 275 -1.0858831E7
929 704 90 216 73 156 197 183 -1.1227309E7
506 912 296 12 131 96 185 80 -1.1452377E7
755 802 258 249 216 43 295 110 -1.1621645E7
Mejor: 821 903 199 84 73 285 197 275 -4829565.5

-------------------------------------------------
GENERACIÓN 14
545 920 256 181 73 113 221 181 -7882197.5
929 609 65 155 247 285 12 3 -8616055.0
770 944 90 232 161 245 204 183 -8651777.0
821 859 38 185 296 132 68 273 -8817679.0
165 928 72 49 291 30 275 230 -8952657.0
913 937 22 274 185 151 141 166 -9219949.0
506 802 258 12 216 96 295 80 -9609171.0
916 624 231 160 226 33 176 111 -9636983.0
465 590 65 215 222 118 19 247 -1.0877972E7
755 912 296 249 131 43 185 110 -1.1022811E7
929 704 275 216 73 156 197 275 -1.1067959E7
297 903 244 137 280 130 120 275 -1.1109332E7
885 554 199 84 44 7 249 16 -1.1217871E7
268 948 246 299 80 170 197 121 -1.1396291E7
454 208 137 0 24 144 233 59 -1.1599156E7
26 945 45 109 124 162 217 202 -1.1841081E7
Mejor: 821 903 199 84 73 285 197 275 -4829565.5

-------------------------------------------------
GENERACIÓN 15
885 554 199 84 44 7 249 16 -6585066.0
165 928 72 49 291 30 275 230 -7653748.5
454 945 45 109 24 162 217 202 -8670467.0
821 859 90 232 296 245 68 273 -8909825.0
916 802 258 12 226 33 295 111 -9248107.0
929 704 275 216 73 156 197 275 -9499833.0
268 948 246 299 80 170 197 121 -9641873.0
913 937 22 274 185 151 141 166 -9741777.0
929 920 256 181 247 113 221 181 -1.0263673E7
26 208 137 0 124 144 233 59 -1.0417584E7
770 944 38 185 161 132 204 183 -1.0622825E7
297 903 244 137 280 130 120 275 -1.0793461E7
506 624 231 160 216 96 176 80 -1.119836E7
465 912 296 215 222 118 185 110 -1.1302437E7
755 590 65 249 131 43 19 247 -1.1345283E7
545 609 65 155 73 285 12 3 -1.1915155E7
Mejor: 821 903 199 84 73 285 197 275 -4829565.5

-------------------------------------------------
GENERACIÓN 16
165 928 199 49 291 30 275 230 -5373731.5
268 948 246 299 80 170 197 121 -8516576.0
755 590 65 155 73 285 19 3 -8998866.0
916 802 258 12 226 33 295 111 -9049839.0
885 554 72 84 44 7 249 16 -9100495.0
297 903 244 137 280 130 120 275 -9464741.0
465 912 296 215 222 118 185 110 -9499105.0
545 609 65 249 131 43 12 247 -1.0112521E7
913 937 22 274 185 151 141 166 -1.0435315E7
929 208 137 181 247 113 233 181 -1.0456905E7
506 624 231 160 216 96 176 80 -1.0470679E7
929 704 275 216 73 156 197 275 -1.0620406E7
454 859 90 232 24 245 217 202 -1.0633854E7
821 945 45 109 296 162 68 273 -1.1451899E7
26 920 256 0 124 144 221 59 -1.1712841E7
770 944 38 185 161 132 204 183 -1.2096933E7
Mejor: 821 903 199 84 73 285 197 275 -4829565.5

-------------------------------------------------
GENERACIÓN 17
506 704 275 160 216 96 197 275 -6775422.5
929 937 137 274 247 113 141 166 -7962614.5
929 624 231 216 73 156 176 80 -8951391.0
165 928 199 49 291 30 275 230 -9364027.0
916 802 258 12 226 33 295 111 -9782115.0
770 944 38 185 161 132 204 183 -1.0031404E7
821 945 90 232 24 162 217 273 -1.0059019E7
297 903 244 84 44 130 249 275 -1.0274664E7
268 948 246 299 80 170 197 121 -1.0498447E7
545 609 296 249 222 118 185 110 -1.0655401E7
26 920 256 0 124 144 221 59 -1.0953405E7
755 590 65 155 73 285 19 3 -1.1115907E7
454 859 45 109 296 245 68 202 -1.1363341E7
885 554 72 137 280 7 120 16 -1.1410095E7
913 208 22 181 185 151 233 181 -1.1510827E7
465 912 65 215 131 43 12 247 -1.1778968E7
Mejor: 821 903 199 84 73 285 197 275 -4829565.5

-------------------------------------------------
GENERACIÓN 18
913 208 22 181 185 151 233 181 -7338169.5
465 912 65 215 131 43 12 247 -7634218.0
454 859 45 109 296 245 68 202 -7882898.5
165 624 231 216 291 30 275 80 -8262930.5
821 945 244 84 24 130 217 273 -8950401.0
268 948 246 299 80 170 197 121 -9298519.0
297 903 90 232 44 162 249 275 -9364029.0
506 937 137 274 247 96 197 275 -9366729.0
929 704 275 160 216 113 141 166 -9507553.0
545 609 296 249 222 118 185 110 -1.0298683E7
755 920 256 0 124 285 221 3 -1.0600887E7
916 802 38 12 226 33 295 111 -1.0705971E7
26 590 65 155 73 144 19 59 -1.1313429E7
885 554 72 137 280 7 120 16 -1.1596696E7
929 928 199 49 73 156 176 230 -1.2101151E7
770 944 258 185 161 132 204 183 -1.2553933E7
Mejor: 821 903 199 84 73 285 197 275 -4829565.5

-------------------------------------------------
GENERACIÓN 19
165 624 231 216 291 30 275 80 -8250647.5
916 802 256 12 226 285 295 3 -8318346.5
545 704 296 249 216 113 141 166 -8662357.0
929 944 258 49 73 156 176 230 -9077868.0
885 554 72 155 73 7 120 59 -9116639.0
297 903 90 232 44 162 249 275 -9302122.0
465 912 65 215 131 43 12 247 -9615063.0
755 920 38 0 124 33 221 111 -1.0497217E7
770 928 199 185 161 132 204 183 -1.0505104E7
913 208 22 181 185 151 233 181 -1.0530461E7
821 945 244 84 24 130 217 273 -1.0814705E7
268 948 246 299 80 170 197 121 -1.0878687E7
454 859 45 109 296 245 68 202 -1.1133171E7
26 590 65 137 280 144 19 16 -1.1136543E7
506 937 137 274 247 96 197 275 -1.156332E7
929 609 275 160 222 118 185 110 -1.1821317E7
Mejor: 821 903 199 84 73 285 197 275 -4829565.5

-------------------------------------------------
GENERACIÓN 20
165 802 256 216 291 285 275 80 -6558918.5
26 859 65 109 280 144 68 16 -7272351.5
913 208 199 185 161 132 204 183 -7552942.5
268 948 246 299 80 170 217 121 -8197945.5
297 554 90 232 44 162 120 59 -8323050.5
929 609 275 160 222 118 185 110 -8704723.0
755 920 38 0 124 33 221 111 -9166719.0
506 937 137 274 247 96 197 275 -9259776.0
885 903 72 155 73 7 249 275 -9466947.0
454 590 45 137 296 245 19 202 -1.077656E7
465 912 65 215 131 43 12 247 -1.0845521E7
821 945 244 84 24 130 197 273 -1.0876313E7
929 944 258 49 73 156 176 230 -1.0909529E7
545 704 296 249 216 113 141 166 -1.1110769E7
916 624 231 12 226 30 295 3 -1.1842409E7
770 928 22 181 185 151 233 181 -1.2349089E7
Mejor: 821 903 199 84 73 285 197 275 -4829565.5

-------------------------------------------------
