GENERACIÓN 0
4 54 200 242 166 279 34 122 0.038311314
485 561 2 261 136 44 42 298 0.029103123
692 863 264 136 21 251 225 248 0.020703068
924 956 293 32 274 279 233 89 0.019965334
686 751 269 133 59 227 279 15 0.019957174
724 932 259 275 251 152 221 21 0.004865713
849 864 24 279 92 295 20 244 -0.0047410484
871 931 186 63 123 278 128 200 -0.00534237
858 924 142 35 217 276 83 87 -0.0081380475
796 904 118 213 99 259 216 255 -0.023625499
204 586 259 224 92 250 120 115 -0.031361934
36 915 266 113 51 242 139 269 -0.036181718
722 764 276 60 230 174 164 65 -0.04076372
139 718 282 226 155 276 156 105 -0.04452457
957 957 262 111 256 122 217 56 -0.04581435
144 811 151 31 57 134 110 55 -0.113993146
Mejor: 4 54 200 242 166 279 34 122 0.038311314

-------------------------------------------------
GENERACIÓN 1
204 915 259 224 92 242 120 115 0.015733933
692 863 264 32 21 251 225 248 0.010835824
144 811 262 31 256 122 110 56 0.007543683
858 904 142 213 99 276 216 255 0.0028135201
796 924 118 35 217 259 83 87 9.2452735E-4
722 764 276 60 230 174 164 65 -2.7931327E-4
924 956 293 136 274 279 233 89 -5.7888246E-4
724 932 259 275 251 152 221 21 -0.006049438
957 957 151 111 57 134 217 55 -0.012439092
849 931 186 63 92 278 20 244 -0.014342428
871 864 24 279 123 295 128 200 -0.018460006
485 561 2 261 136 44 42 298 -0.019426828
4 54 200 242 166 279 34 122 -0.026483426
686 751 269 133 59 227 279 15 -0.035930503
139 718 282 226 155 276 156 105 -0.041203033
36 586 266 113 51 250 139 269 -0.056068063
Mejor: 204 915 259 224 92 242 120 115 0.015733933

-------------------------------------------------
GENERACIÓN 2
924 956 293 275 274 279 233 21 0.016637528
139 718 266 226 155 250 139 269 0.007851343
485 864 2 261 123 44 128 200 0.0016649744
849 931 186 63 92 278 20 244 2.3842616E-4
204 915 259 224 92 242 120 115 1.5286077E-4
36 586 282 113 51 276 156 105 1.3026968E-4
4 54 200 242 166 279 34 122 -0.0062077255
724 932 259 136 251 152 221 89 -0.010131156
957 957 151 111 57 134 217 55 -0.0133205885
144 904 262 31 99 276 216 255 -0.019803124
722 764 276 35 230 259 164 87 -0.029668333
692 863 264 32 21 251 225 248 -0.049110353
686 751 269 133 59 227 279 15 -0.051923256
871 561 24 279 136 295 42 298 -0.07344237
796 924 118 60 217 174 83 65 -0.08177133
858 811 142 213 256 122 110 56 -0.098130696
Mejor: 924 956 293 275 274 279 233 21 0.016637528

-------------------------------------------------
GENERACIÓN 3
849 864 2 63 123 44 128 244 0.03799769
722 764 264 32 230 259 225 248 0.016459888
858 924 118 213 217 174 110 56 0.013756116
139 718 266 275 274 279 233 21 0.009490176
36 586 282 113 51 276 156 105 0.0069290823
485 931 186 261 92 278 20 200 0.0066499147
692 863 276 35 21 251 164 87 0.0042952625
871 561 24 279 136 295 42 298 -2.561477E-4
686 751 269 133 59 227 279 15 -0.0022913322
957 904 262 111 99 276 217 255 -0.003188954
144 957 151 31 57 134 216 55 -0.00346441
4 54 259 242 251 279 221 89 -0.011733331
924 956 293 226 155 250 139 269 -0.013093538
204 915 259 224 92 242 120 115 -0.016617896
724 932 200 136 166 152 34 122 -0.0246142
796 811 142 60 256 122 83 65 -0.048530836
Mejor: 849 864 2 63 123 44 128 244 0.03799769

-------------------------------------------------
GENERACIÓN 4
722 764 2 63 230 44 225 248 0.04640721
485 931 186 261 92 278 20 200 0.036938887
724 932 142 60 166 122 34 65 0.028549975
858 924 118 213 217 174 110 56 0.009910683
871 561 24 279 136 295 42 298 0.0019160099
692 863 276 35 21 251 164 87 2.1363019E-4
796 811 200 136 256 152 83 122 -0.002020579
957 751 269 111 59 227 217 255 -0.0030936755
849 864 264 32 123 259 128 244 -0.004839158
139 718 266 275 274 279 233 21 -0.0053168684
924 915 259 224 155 250 120 115 -0.012676067
686 904 262 133 99 276 279 15 -0.015850931
144 957 151 31 57 134 216 55 -0.019909764
36 586 282 113 51 276 156 105 -0.057193667
204 956 293 226 92 242 139 269 -0.084020525
4 54 259 242 251 279 221 89 -0.09353563
Mejor: 722 764 2 63 230 44 225 248 0.04640721

-------------------------------------------------
GENERACIÓN 5
4 54 259 226 251 242 139 89 0.04258072
924 904 259 133 155 250 279 115 0.014501088
204 956 293 242 92 279 221 269 0.011164919
692 863 276 35 21 251 164 87 0.011027285
36 957 282 31 51 276 156 105 -5.853052E-4
722 764 2 261 230 44 20 200 -8.693722E-4
139 864 266 32 274 259 233 244 -0.00906325
849 718 264 275 123 279 128 21 -0.009325179
724 924 142 213 166 122 110 56 -0.009821214
858 932 118 60 217 174 34 65 -0.011188165
686 915 262 224 99 276 120 15 -0.012333304
957 751 269 111 256 152 83 122 -0.020691706
796 811 200 136 59 227 217 255 -0.02357191
144 586 151 113 57 134 216 55 -0.057749193
871 561 24 279 136 295 42 298 -0.14076601
485 931 186 63 92 278 225 248 -0.16057526
Mejor: 722 764 2 63 230 44 225 248 0.04640721

-------------------------------------------------
GENERACIÓN 6
722 957 2 261 230 44 20 200 0.06929267
849 864 266 275 123 259 128 244 0.062419504
36 764 282 31 51 276 156 105 0.04146004
957 751 269 111 256 152 83 122 0.006646529
4 54 259 226 251 242 139 89 -0.0010210391
204 956 293 242 92 279 221 269 -0.007048975
692 863 276 35 21 251 164 87 -0.007668292
871 561 24 279 136 295 42 298 -0.008175798
139 718 264 32 274 279 233 21 -0.011265285
924 904 259 133 155 250 279 115 -0.012222449
485 931 186 63 92 278 225 248 -0.016217403
144 811 151 136 59 227 216 55 -0.01890725
724 924 142 60 217 174 34 65 -0.019058408
796 586 200 113 57 134 217 255 -0.023122305
858 932 118 213 166 122 110 56 -0.04785526
686 915 262 224 99 276 120 15 -0.05825304
Mejor: 722 957 2 261 230 44 20 200 0.06929267

-------------------------------------------------
GENERACIÓN 7
796 586 142 113 57 174 34 65 0.0433014
36 764 282 31 51 276 156 105 0.026797423
871 863 24 279 136 295 164 298 0.013142119
4 54 259 226 251 242 139 89 0.005447211
724 924 200 60 217 134 217 255 0.005123835
957 751 269 111 256 152 83 122 6.023484E-6
849 864 266 275 123 259 128 244 -0.0038209863
686 915 262 224 99 276 120 15 -0.009314447
485 931 186 63 92 278 216 248 -0.009511034
722 957 2 261 230 44 20 200 -0.010142919
858 932 118 213 166 122 110 56 -0.012713007
139 718 264 32 274 279 233 21 -0.013186756
204 956 293 242 92 279 221 269 -0.015209779
144 811 151 136 59 227 225 55 -0.029159615
924 904 259 133 155 250 279 115 -0.0362656
692 561 276 35 21 251 42 87 -0.06481311
Mejor: 796 586 142 113 57 174 34 65 0.0433014

-------------------------------------------------
GENERACIÓN 8
204 956 293 242 92 279 221 269 0.04337047
686 915 262 224 99 276 120 15 0.009600141
144 811 151 136 59 227 225 55 0.005738491
796 586 142 113 57 174 156 105 0.0027523432
724 924 200 111 256 152 83 122 8.6359034E-4
36 764 282 31 51 276 34 65 -0.0014849892
4 863 24 226 251 242 164 298 -0.0025296332
139 718 264 32 274 279 233 21 -0.0027151173
858 932 118 213 166 122 110 56 -0.0034746025
957 751 269 60 217 134 217 255 -0.0040458813
924 561 276 133 155 251 279 115 -0.0095611075
871 54 259 279 136 295 139 89 -0.010958589
849 864 266 275 123 259 128 244 -0.025329864
692 904 259 35 21 250 42 87 -0.054624483
722 957 2 261 230 44 20 200 -0.06398923
485 931 186 63 92 278 216 248 -0.067587204
Mejor: 204 956 293 242 92 279 221 269 0.04337047

-------------------------------------------------
GENERACIÓN 9
36 764 282 31 51 276 34 65 0.02026448
724 924 200 111 256 152 83 122 0.009951048
204 915 262 242 99 279 221 269 0.0044514867
849 864 266 275 123 259 42 87 0.003186283
796 586 142 113 57 174 156 105 0.0018602071
692 904 259 35 21 250 128 244 -0.0015340444
686 956 293 224 92 276 120 15 -0.0020184028
4 718 264 226 274 242 164 21 -0.005475072
957 751 269 60 217 134 217 255 -0.0055150352
144 811 151 136 59 227 225 55 -0.01045943
722 957 2 261 230 44 20 200 -0.010640986
139 863 24 32 251 279 233 298 -0.012219268
858 932 118 213 166 122 110 56 -0.016449403
871 561 276 133 136 295 279 89 -0.017620152
924 54 259 279 155 251 139 115 -0.017674962
485 931 186 63 92 278 216 248 -0.026894929
Mejor: 204 956 293 242 92 279 221 269 0.04337047

-------------------------------------------------
GENERACIÓN 10
692 586 142 113 57 174 128 105 0.03642531
686 956 293 224 92 276 120 15 0.0113176005
858 932 118 133 136 122 110 56 0.010895371
139 863 24 32 230 279 20 298 0.0023781795
957 751 269 136 59 134 217 55 0.0016704075
796 904 259 35 21 250 156 244 -0.0013008049
722 957 2 261 251 44 233 200 -0.0024496547
849 864 266 275 99 279 42 269 -0.00275995
4 718 264 226 274 242 164 21 -0.0030288196
924 54 259 279 155 278 216 115 -0.0044744373
724 764 282 111 51 152 83 122 -0.005295115
204 915 262 242 123 259 221 87 -0.0071193185
871 561 276 213 166 295 279 89 -0.010511093
485 931 186 63 92 251 139 248 -0.016290056
36 924 200 31 256 276 34 65 -0.022025084
144 811 151 60 217 227 225 255 -0.024283057
Mejor: 204 956 293 242 92 279 221 269 0.04337047

-------------------------------------------------
GENERACIÓN 11
924 718 259 226 155 242 164 21 0.019659178
692 586 142 113 57 174 128 105 0.0062201773
485 931 186 63 92 251 139 248 -4.9623224E-4
722 957 2 261 251 44 233 200 -0.002461462
724 764 282 111 51 152 83 122 -0.0035354893
957 751 259 35 59 134 217 244 -0.005933542
139 932 118 133 136 279 110 298 -0.0064879344
871 561 276 213 166 295 279 89 -0.007676303
849 864 266 275 99 279 42 269 -0.012432546
4 54 264 279 274 278 216 115 -0.013945286
796 904 269 136 21 250 156 55 -0.015691958
36 924 200 31 256 276 34 65 -0.0416086
204 915 262 242 123 259 221 87 -0.06109035
858 863 24 32 230 122 20 56 -0.06261147
144 811 151 60 217 227 225 255 -0.073740825
686 956 293 224 92 276 120 15 -0.08294932
Mejor: 204 956 293 242 92 279 221 269 0.04337047

-------------------------------------------------
GENERACIÓN 12
4 54 264 279 274 278 216 115 0.02584494
36 904 200 136 21 276 156 65 0.015770614
692 586 142 113 57 174 128 105 0.014679871
957 751 259 35 59 134 217 244 0.008387171
204 915 262 242 123 122 20 87 0.0023117978
686 956 293 224 92 276 120 15 -0.0011903347
139 932 276 213 136 279 110 89 -0.005063789
722 957 2 261 251 44 233 200 -0.006924609
849 864 266 275 99 279 42 269 -0.0071098083
485 931 186 63 92 251 139 248 -0.00995957
858 863 24 32 230 259 221 56 -0.010355459
796 924 269 31 256 250 34 55 -0.010832275
924 718 259 226 155 242 164 21 -0.012259744
144 811 151 60 217 227 225 255 -0.017163133
871 561 118 133 166 295 279 298 -0.027657906
724 764 282 111 51 152 83 122 -0.048457447
Mejor: 204 956 293 242 92 279 221 269 0.04337047

-------------------------------------------------
GENERACIÓN 13
796 863 24 32 256 259 221 55 0.0734853
858 924 269 31 230 250 34 56 0.020687
485 864 186 63 99 279 139 269 0.0126610175
957 586 259 113 59 134 217 244 0.0032273259
36 904 200 136 274 276 216 65 -0.0028038572
204 915 293 224 123 122 120 15 -0.0042097853
849 931 266 275 92 251 42 248 -0.0047942204
692 751 142 35 57 174 128 105 -0.004869446
686 956 262 242 92 276 20 87 -0.010432969
722 957 2 261 251 44 233 200 -0.015054785
4 54 264 279 21 278 156 115 -0.015082709
724 764 282 133 51 295 83 298 -0.015214678
924 811 259 226 217 227 164 255 -0.03831842
139 932 276 213 136 279 110 89 -0.05211681
871 561 118 111 166 152 279 122 -0.10694813
144 718 151 60 155 242 225 21 -0.12859468
Mejor: 796 863 24 32 256 259 221 55 0.0734853

-------------------------------------------------
GENERACIÓN 14
924 811 259 226 217 227 164 255 0.044598445
796 924 269 31 230 250 221 55 0.012981619
204 915 200 136 123 276 216 65 0.004466719
686 957 2 242 92 276 233 200 0.0014885099
4 54 264 279 21 278 83 115 -0.0012835186
957 864 186 113 59 134 139 269 -0.003285126
722 956 262 261 251 44 20 87 -0.0039469413
858 863 24 32 256 259 34 56 -0.00624213
692 751 266 35 92 251 128 105 -0.009725678
36 904 293 224 274 122 120 15 -0.010243443
871 718 118 111 155 152 279 21 -0.013242602
144 561 151 60 166 242 225 122 -0.023373224
485 586 259 63 99 279 217 244 -0.040682442
849 931 142 275 57 174 42 248 -0.042131197
724 764 282 133 51 295 156 298 -0.04425955
139 932 276 213 136 279 110 89 -0.060966115
Mejor: 796 863 24 32 256 259 221 55 0.0734853

-------------------------------------------------
GENERACIÓN 15
485 931 142 63 99 279 217 248 0.024892649
858 956 24 32 256 259 20 87 0.022733293
4 54 264 279 21 278 83 115 0.020497916
924 811 259 226 217 227 164 255 0.011882312
724 764 282 213 51 295 110 89 0.0073285974
144 561 118 60 155 242 279 21 0.0029931285
957 864 186 113 59 134 139 269 0.0023171066
722 863 262 261 251 44 34 56 -0.0052720387
36 904 293 224 274 122 120 15 -0.007628044
871 718 151 111 166 152 225 122 -0.0136467
692 751 266 35 92 251 128 105 -0.015092795
849 586 259 275 57 174 42 244 -0.016940124
686 957 2 242 92 276 233 200 -0.019808955
204 915 200 136 123 276 216 65 -0.02592797
139 932 276 133 136 279 156 298 -0.04954921
796 924 269 31 230 250 221 55 -0.14499688
Mejor: 796 863 24 32 256 259 221 55 0.0734853

-------------------------------------------------
GENERACIÓN 16
858 956 24 32 256 259 20 87 0.052694842
722 864 186 261 251 134 34 269 0.01318597
204 915 200 242 92 276 216 65 9.834444E-4
485 931 142 63 99 279 217 248 -0.001690097
796 932 269 133 230 250 156 298 -0.0017867638
957 863 262 113 59 44 139 56 -0.004273945
924 811 259 226 217 227 164 115 -0.004653619
692 751 266 35 92 251 128 105 -0.0047219335
139 924 276 31 136 279 221 55 -0.005788166
36 718 151 224 274 122 225 15 -0.008215194
4 54 264 279 21 278 83 255 -0.009705904
686 957 2 136 123 276 233 200 -0.013236693
144 561 118 60 155 242 279 21 -0.015712276
849 586 259 275 57 174 42 244 -0.015895324
871 904 293 111 166 152 120 122 -0.04237458
724 764 282 213 51 295 110 89 -0.052614003
Mejor: 796 863 24 32 256 259 221 55 0.0734853

-------------------------------------------------
GENERACIÓN 17
692 751 266 35 92 251 128 105 0.017993452
849 586 259 275 57 174 42 244 0.00827488
724 904 282 111 166 152 120 89 0.0070901313
957 863 262 133 59 250 139 298 0.0038133694
686 957 2 136 123 276 233 200 0.0022547054
924 811 259 226 217 227 164 115 0.0016101383
204 915 200 242 92 276 216 65 -1.1629999E-4
796 932 269 113 230 44 156 56 -0.007273395
722 864 24 261 256 134 34 269 -0.007358949
871 764 293 213 51 295 110 122 -0.010291616
858 956 186 32 251 259 20 87 -0.011380408
144 561 118 60 155 242 279 21 -0.018693583
485 931 142 63 99 279 217 248 -0.020387193
4 54 264 279 21 278 83 255 -0.036192358
139 924 276 31 136 279 221 55 -0.06735977
36 718 151 224 274 122 225 15 -0.07398062
Mejor: 796 863 24 32 256 259 221 55 0.0734853

-------------------------------------------------
GENERACIÓN 18
858 956 186 32 251 259 20 87 0.035008326
692 751 259 35 92 251 128 105 0.014692649
796 915 269 113 92 276 216 56 0.0106574865
144 561 118 60 155 242 279 21 0.007666042
871 764 24 261 256 134 34 122 0.0047428515
4 931 264 279 21 278 83 255 0.0028042288
724 904 282 111 166 152 120 89 -0.002890789
957 863 262 133 59 250 139 298 -0.00843686
485 54 142 63 99 279 217 248 -0.010317645
139 924 151 224 274 279 225 55 -0.011439394
686 811 2 226 217 276 233 200 -0.013441104
204 932 200 242 230 44 156 65 -0.0151129505
849 586 266 275 57 174 42 244 -0.015309267
924 957 259 136 123 227 164 115 -0.021670992
722 864 293 213 51 295 110 269 -0.028097572
36 718 276 31 136 122 221 15 -0.040017862
Mejor: 796 863 24 32 256 259 221 55 0.0734853

-------------------------------------------------
GENERACIÓN 19
724 904 282 111 166 152 120 89 0.0100299865
722 864 293 213 51 295 110 269 0.00826442
957 863 262 133 59 250 139 298 0.0050064377
4 931 264 279 21 278 83 255 0.0040081716
871 764 24 261 256 134 34 122 0.0017287754
686 932 200 242 230 44 233 65 0.0012036456
144 561 118 60 155 242 279 21 3.741939E-4
858 956 259 32 251 251 128 105 -0.001311535
849 586 266 275 123 227 164 244 -0.0015532348
36 718 276 31 136 122 221 15 -0.0019616983
139 54 142 224 99 279 217 55 -0.008124052
692 751 186 35 92 259 20 87 -0.010639037
924 957 259 136 57 174 42 115 -0.011311223
796 915 269 113 92 276 216 56 -0.0119361915
485 924 151 63 274 279 225 248 -0.06546562
204 811 2 226 217 276 156 200 -0.09172142
Mejor: 796 863 24 32 256 259 221 55 0.0734853

-------------------------------------------------
GENERACIÓN 20
4 931 264 133 59 278 139 255 0.028554104
692 751 186 35 92 259 20 87 0.02609764
204 924 151 226 274 276 225 200 0.01106979
849 586 266 275 123 227 164 244 0.0032888183
485 811 2 63 217 279 156 248 0.0012390256
924 957 259 136 92 276 42 115 9.779123E-4
957 863 262 279 21 250 83 298 2.548492E-4
36 718 276 31 136 122 221 15 -0.0014428678
871 764 24 261 230 134 233 122 -0.0038385682
722 864 293 213 51 295 110 269 -0.0047755972
139 54 142 224 99 279 217 55 -0.007698156
724 904 282 111 166 152 120 89 -0.01020217
686 932 200 242 256 44 34 65 -0.019265415
144 561 118 60 155 242 279 21 -0.031122983
796 915 269 113 57 174 216 56 -0.034124825
858 956 259 32 251 251 128 105 -0.06786248
Mejor: 796 863 24 32 256 259 221 55 0.0734853

-------------------------------------------------
GENERACIÓN 21
204 586 266 226 123 276 164 200 0.019197332
957 863 262 279 21 250 83 298 0.005893132
871 764 24 261 230 134 233 122 0.001464405
144 932 118 60 155 242 279 21 -0.0019333893
858 956 259 32 251 251 128 105 -0.0070760623
692 931 264 35 92 259 139 255 -0.011059254
36 718 276 31 136 122 221 15 -0.011308267
924 811 2 136 217 279 156 248 -0.012630354
686 561 200 242 256 44 34 65 -0.012655537
722 864 293 213 51 295 110 269 -0.014107116
139 54 142 224 99 279 217 55 -0.014909431
724 904 282 111 166 152 120 89 -0.0153076425
485 957 259 63 92 276 42 115 -0.017606858
849 924 151 275 274 227 225 244 -0.031849023
4 751 186 133 59 278 20 87 -0.03710028
796 915 269 113 57 174 216 56 -0.07158798
Mejor: 796 863 24 32 256 259 221 55 0.0734853

-------------------------------------------------
GENERACIÓN 22
144 932 24 261 155 134 279 21 0.025954423
957 586 266 226 21 250 164 298 0.007093662
686 864 200 242 256 295 110 65 0.0035183923
692 931 264 35 92 251 128 255 9.780887E-4
722 561 293 213 51 44 34 269 8.655105E-4
924 718 2 31 136 122 221 15 -0.0066484227
4 915 186 113 59 174 216 56 -0.007381666
724 904 282 111 166 152 120 89 -0.00985969
871 764 118 60 230 242 233 122 -0.0106713
485 957 151 63 92 227 42 244 -0.011503001
36 811 276 136 217 279 156 248 -0.011868092
139 54 142 224 99 279 217 55 -0.02307958
796 751 269 133 57 278 20 87 -0.026534727
858 956 259 32 251 259 139 105 -0.0369335
849 924 259 275 274 276 225 115 -0.04301213
204 863 262 279 123 276 83 200 -0.13000126
Mejor: 796 863 24 32 256 259 221 55 0.0734853

-------------------------------------------------
GENERACIÓN 23
724 904 282 111 166 152 120 89 0.06319326
144 932 24 261 155 134 279 21 0.023487916
849 924 262 279 123 276 83 115 0.008133327
485 957 118 63 92 242 233 244 -0.002107322
4 915 186 113 59 174 216 56 -0.0027202002
722 561 293 213 51 44 34 269 -0.0033729505
924 718 2 31 136 122 221 15 -0.005771524
686 864 200 242 256 295 110 65 -0.0059536695
796 751 269 133 57 278 20 87 -0.0071107927
692 931 264 35 92 251 128 255 -0.008904981
36 811 276 136 99 279 156 248 -0.010704629
204 863 259 275 274 276 225 200 -0.011306544
957 586 266 226 21 250 164 298 -0.015778204
858 956 259 32 251 259 139 105 -0.027427768
871 764 151 60 230 227 42 122 -0.03382456
139 54 142 224 217 279 217 55 -0.036651243
Mejor: 796 863 24 32 256 259 221 55 0.0734853

-------------------------------------------------
GENERACIÓN 24
36 811 276 275 274 279 156 200 0.05441619
796 931 269 133 57 278 128 255 0.033043567
692 751 264 35 92 251 20 87 0.029867947
924 718 2 31 136 122 221 15 0.007688554
871 764 151 60 230 227 42 122 -0.004975207
957 586 266 32 21 259 139 298 -0.0053312234
139 54 142 224 217 279 217 55 -0.0054404917
204 863 259 136 99 276 225 248 -0.005564302
722 561 293 213 51 44 34 269 -0.009049798
858 956 259 226 251 250 164 105 -0.009877999
4 915 186 113 59 174 216 56 -0.019015534
849 924 262 279 123 276 83 115 -0.027096055
485 957 118 63 92 242 233 244 -0.039808046
144 904 282 261 155 152 120 21 -0.061549738
724 932 24 111 166 134 279 89 -0.06295053
686 864 200 242 256 295 110 65 -0.07868927
Mejor: 796 863 24 32 256 259 221 55 0.0734853

-------------------------------------------------
GENERACIÓN 25
858 956 259 213 51 250 34 105 0.040207956
724 932 24 242 166 295 279 65 0.02417285
692 718 264 35 136 122 20 15 0.015043543
144 957 118 261 155 152 120 244 0.006922006
722 561 293 226 251 44 164 269 0.0066997944
924 751 2 31 92 251 221 87 8.674849E-4
686 864 200 111 256 134 110 89 3.717977E-4
485 904 282 63 92 242 233 21 -4.8438134E-4
871 764 151 60 230 227 42 122 -0.0061168745
204 863 142 136 99 279 217 248 -0.013340731
957 586 266 32 21 259 139 298 -0.021580352
796 811 276 275 274 279 128 200 -0.023899883
4 924 262 279 123 174 216 56 -0.026989544
139 54 259 224 217 276 225 55 -0.040382355
849 915 186 113 59 276 83 115 -0.047986913
36 931 269 133 57 278 156 255 -0.13734187
Mejor: 796 863 24 32 256 259 221 55 0.0734853

-------------------------------------------------
GENERACIÓN 26
871 863 151 136 230 279 217 248 0.010496014
144 718 118 261 155 122 20 15 0.0072909785
957 586 266 32 21 259 139 298 0.0067563155
858 932 24 242 166 295 279 65 0.003347557
686 864 200 111 256 134 110 89 8.6326123E-4
204 764 142 60 99 227 42 122 -0.0016823331
4 54 262 224 123 174 225 55 -0.0019085364
722 561 293 226 251 44 164 269 -0.003118109
849 931 186 113 59 278 83 255 -0.0052855755
485 904 282 63 92 242 233 21 -0.006700564
139 924 259 279 217 276 216 56 -0.008095968
924 751 2 31 92 251 221 87 -0.0084689995
724 956 259 213 51 250 34 105 -0.012962596
36 915 269 133 57 276 156 115 -0.015213196
692 957 264 35 136 152 120 244 -0.016738862
796 811 276 275 274 279 128 200 -0.047388416
Mejor: 796 863 24 32 256 259 221 55 0.0734853

-------------------------------------------------
GENERACIÓN 27
144 718 118 261 155 122 20 15 0.051794488
692 957 264 35 274 152 120 244 0.051012088
4 54 262 226 251 174 225 269 0.027898498
485 931 186 63 59 278 233 21 0.010743282
871 863 151 136 230 279 217 248 0.0075755003
204 864 142 111 256 134 42 89 2.4626497E-6
957 586 266 242 166 259 279 65 -0.0014086094
724 956 259 213 51 250 34 105 -0.0033839978
686 764 200 60 99 227 110 122 -0.005803524
722 561 293 224 123 44 164 55 -0.0062904395
796 811 276 275 136 279 128 200 -0.015205069
924 924 2 279 92 276 216 56 -0.017256098
849 904 282 113 92 242 83 255 -0.017975999
858 932 24 32 21 295 139 298 -0.0413741
36 915 269 133 57 276 156 115 -0.06312536
139 751 259 31 217 251 221 87 -0.0715347
Mejor: 796 863 24 32 256 259 221 55 0.0734853

-------------------------------------------------
GENERACIÓN 28
36 915 259 133 57 276 221 87 0.037286583
849 904 282 113 92 242 83 255 0.02380384
858 932 24 32 21 295 139 298 0.019852282
144 718 264 261 274 122 120 244 0.018900676
796 924 2 279 136 279 128 200 0.0039414153
686 764 200 60 99 227 110 122 -0.0011614981
957 586 266 242 166 259 279 65 -0.0022258584
692 957 118 35 155 152 20 15 -0.0054113534
4 54 186 226 59 278 225 21 -0.006178912
485 931 262 63 251 174 233 269 -0.0076657874
724 956 259 213 51 250 34 105 -0.013961833
139 751 269 31 217 251 156 115 -0.01408155
722 561 293 224 123 44 164 55 -0.018174509
204 864 142 111 256 134 42 89 -0.020648953
924 811 276 275 92 276 216 56 -0.024097353
871 863 151 136 230 279 217 248 -0.040340714
Mejor: 796 863 24 32 256 259 221 55 0.0734853

-------------------------------------------------
GENERACIÓN 29
858 932 24 32 21 295 139 298 0.041105047
871 811 276 136 92 276 216 56 0.031748492
204 864 293 111 123 134 164 55 0.014580836
4 54 262 226 251 174 233 21 0.0124070095
686 924 2 60 99 227 110 200 0.003411107
139 956 259 31 217 251 156 105 0.0013717264
924 863 151 275 230 279 217 248 -0.0012575975
796 764 200 279 136 279 128 122 -0.0064209998
485 931 186 63 59 278 225 269 -0.012156564
722 561 142 224 256 44 42 89 -0.01523241
144 718 264 261 274 122 120 244 -0.020088071
36 915 259 133 92 242 83 87 -0.026647778
724 751 269 213 51 250 34 115 -0.030434156
692 586 266 35 166 259 20 65 -0.032138813
849 904 282 113 57 276 221 255 -0.039411593
957 957 118 242 155 152 279 15 -0.104902424
Mejor: 796 863 24 32 256 259 221 55 0.0734853

-------------------------------------------------
GENERACIÓN 30
204 54 293 111 123 134 164 55 0.030618438
924 863 200 275 136 279 217 122 0.0069729853
849 957 118 242 57 276 221 15 0.0061962833
692 751 269 35 51 259 34 115 0.0012551164
686 924 259 31 217 227 110 105 -2.8222604E-4
724 586 266 213 166 250 20 65 -0.0031346257
722 561 142 224 256 44 42 89 -0.008401987
4 864 262 226 251 174 233 21 -0.008540177
871 811 276 136 92 276 216 56 -0.012887252
139 956 2 60 99 251 156 200 -0.01443312
957 904 282 113 155 152 279 255 -0.0148880705
796 764 151 279 230 279 128 248 -0.016197829
36 915 259 133 92 242 83 87 -0.019283818
858 932 24 32 21 295 139 298 -0.02138289
485 931 186 63 59 278 225 269 -0.022789618
144 718 264 261 274 122 120 244 -0.063138865
Mejor: 796 863 24 32 256 259 221 55 0.0734853

-------------------------------------------------
