GENERACIÓN 0
242 654 215 91 231 237 8 273 -6353474.5
622 692 170 184 275 225 145 189 -6371950.0
827 837 51 110 45 60 77 218 -7943906.5
311 732 97 205 191 27 231 182 -7997464.5
2 531 299 223 186 198 244 242 -8914841.0
702 753 117 39 275 184 167 67 -8917787.0
793 915 286 21 227 139 292 148 -9666139.0
782 800 230 277 246 131 102 241 -9900100.0
91 184 56 234 182 209 47 133 -9932891.0
660 725 187 133 175 81 176 22 -9974440.0
716 817 216 93 292 117 150 236 -1.0120413E7
858 921 298 30 252 11 81 222 -1.0507095E7
604 803 44 139 3 249 75 198 -1.0664569E7
494 669 67 133 267 188 113 241 -1.1499237E7
484 846 122 280 160 271 190 124 -1.1828696E7
894 942 220 219 108 170 112 15 -1.2180996E7
Mejor: 242 654 215 91 231 237 8 273 -6353474.5

-------------------------------------------------
GENERACIÓN 1
242 654 215 91 231 237 8 273 -6353474.5
622 692 170 184 275 225 145 189 -6371950.0
827 837 51 110 45 60 77 218 -7943906.5
311 732 97 205 191 27 231 182 -7997464.5
858 921 298 30 252 11 81 222 -8180900.0
242 654 215 91 231 237 8 273 -8756967.0
622 915 170 184 227 225 145 189 -8841213.0
2 531 299 223 186 198 244 242 -8914841.0
702 753 117 39 275 184 167 67 -8917787.0
827 837 51 110 45 60 77 218 -9462085.0
793 915 286 21 227 139 292 148 -9666139.0
782 800 230 277 246 131 102 241 -9900100.0
91 184 56 234 182 209 47 133 -9932891.0
660 725 187 133 175 81 176 22 -9974440.0
2 531 299 223 186 198 244 242 -1.0098828E7
716 817 216 93 292 117 150 236 -1.0120413E7
Mejor: 242 654 215 91 231 237 8 273 -6353474.5

-------------------------------------------------
GENERACIÓN 2
242 654 215 91 231 237 8 273 -6353474.5
622 692 170 184 275 225 145 189 -6371950.0
242 654 215 91 231 237 8 273 -6826902.5
311 654 215 91 231 27 8 273 -6980545.5
827 837 51 110 45 60 77 218 -7943906.5
311 732 97 205 191 27 231 182 -7997464.5
858 921 298 30 252 11 81 222 -8180900.0
242 654 215 30 231 237 81 273 -8754537.0
242 654 215 91 231 237 8 273 -8756967.0
622 915 170 184 227 225 145 189 -8841213.0
2 531 299 223 186 198 244 242 -8914841.0
702 753 117 39 275 184 167 67 -8917787.0
827 837 51 110 45 60 77 218 -8992020.0
827 692 51 184 275 225 77 189 -9062555.0
858 921 298 91 252 11 8 222 -9162509.0
242 732 97 205 231 27 231 182 -9367568.0
Mejor: 242 654 215 91 231 237 8 273 -6353474.5

-------------------------------------------------
GENERACIÓN 3
242 654 215 91 231 237 8 273 -6353474.5
622 692 170 184 275 225 145 189 -6371950.0
242 654 215 91 231 237 8 273 -6826902.5
311 654 215 91 231 27 8 273 -6980545.5
858 921 298 223 186 198 244 222 -7238348.0
311 654 215 91 231 27 8 273 -7465082.0
827 837 51 91 45 237 77 218 -7491207.5
858 921 298 91 231 237 8 273 -7588382.5
827 837 51 110 45 60 77 218 -7943906.5
311 732 97 205 191 27 231 182 -7997464.5
858 921 298 30 252 11 81 222 -8180900.0
858 692 298 184 275 225 77 222 -8558057.0
242 654 215 30 231 237 81 273 -8754537.0
242 654 215 91 231 237 8 273 -8756967.0
622 915 170 184 227 225 145 189 -8841213.0
2 531 299 223 186 198 244 242 -8914841.0
Mejor: 242 654 215 91 231 237 8 273 -6353474.5

-------------------------------------------------
GENERACIÓN 4
242 654 215 91 231 237 8 273 -6353474.5
622 692 170 184 275 225 145 189 -6371950.0
242 654 215 91 231 237 8 273 -6826902.5
311 654 215 91 231 27 8 273 -6980545.5
858 921 298 223 186 198 244 222 -7238348.0
311 654 215 91 231 27 8 273 -7465082.0
827 837 51 91 45 237 77 218 -7491207.5
858 921 298 91 231 237 8 273 -7588382.5
827 837 51 110 45 60 77 218 -7943906.5
311 732 97 205 191 27 231 182 -7997464.5
858 921 298 30 252 11 81 222 -8180900.0
858 921 298 223 186 198 244 222 -8492179.0
858 692 298 184 275 225 77 222 -8558057.0
242 921 298 223 231 237 8 273 -8611896.0
242 654 215 30 231 237 81 273 -8754537.0
242 654 215 91 231 237 8 273 -8756967.0
Mejor: 242 654 215 91 231 237 8 273 -6353474.5

-------------------------------------------------
GENERACIÓN 5
242 654 215 91 231 237 8 273 -6353474.5
622 692 170 184 275 225 145 189 -6371950.0
242 654 215 91 231 237 8 273 -6826902.5
311 654 215 91 231 27 8 273 -6980545.5
858 921 298 223 186 198 244 222 -7238348.0
311 654 215 91 231 27 8 273 -7465082.0
827 837 51 91 45 237 77 218 -7491207.5
858 921 298 91 231 237 8 273 -7588382.5
827 837 51 110 45 60 77 218 -7943906.5
311 732 97 205 191 27 231 182 -7997464.5
242 654 51 110 231 60 8 273 -8134589.5
858 921 298 30 252 11 81 222 -8180900.0
858 921 298 223 186 198 244 222 -8492179.0
242 654 215 91 231 237 8 273 -8506668.0
858 692 298 184 275 225 77 222 -8558057.0
242 921 298 223 231 237 8 273 -8611896.0
Mejor: 242 654 215 91 231 237 8 273 -6353474.5

-------------------------------------------------
GENERACIÓN 6
242 654 215 91 231 237 8 273 -6353474.5
622 692 170 184 275 225 145 189 -6371950.0
242 654 215 91 231 237 8 273 -6826902.5
311 654 215 91 231 27 8 273 -6980545.5
858 921 298 223 186 198 244 222 -7238348.0
311 654 215 91 231 27 8 273 -7465082.0
827 837 51 91 45 237 77 218 -7491207.5
858 921 298 91 231 237 8 273 -7588382.5
858 654 215 91 252 27 81 273 -7721697.5
827 837 51 110 45 60 77 218 -7943906.5
311 732 97 205 191 27 231 182 -7997464.5
242 654 51 110 231 60 8 273 -8134589.5
858 921 298 30 252 11 81 222 -8180900.0
242 654 215 91 231 237 8 273 -8289478.5
858 921 298 223 186 198 244 222 -8492179.0
242 654 215 91 231 237 8 273 -8506668.0
Mejor: 242 654 215 91 231 237 8 273 -6353474.5

-------------------------------------------------
GENERACIÓN 7
242 654 215 91 231 237 8 273 -6353474.5
622 692 170 184 275 225 145 189 -6371950.0
242 654 215 91 231 237 8 273 -6826902.5
311 654 215 91 231 27 8 273 -6980545.5
858 921 298 223 186 198 244 222 -7238348.0
311 654 215 91 231 27 8 273 -7428488.0
311 654 215 91 231 27 8 273 -7465082.0
827 837 51 91 45 237 77 218 -7491207.5
858 921 298 91 231 237 8 273 -7588382.5
858 654 215 91 252 27 81 273 -7721697.5
242 654 215 91 231 237 8 273 -7902194.0
827 837 51 110 45 60 77 218 -7943906.5
311 732 97 205 191 27 231 182 -7997464.5
242 654 51 110 231 60 8 273 -8134589.5
858 921 298 30 252 11 81 222 -8180900.0
242 654 215 91 231 237 8 273 -8289478.5
Mejor: 242 654 215 91 231 237 8 273 -6353474.5

-------------------------------------------------
GENERACIÓN 8
242 654 215 91 231 237 8 273 -6353474.5
622 692 170 184 275 225 145 189 -6371950.0
827 837 51 91 45 237 77 218 -6655274.0
242 654 215 91 231 237 8 273 -6826902.5
311 654 215 91 231 27 8 273 -6980545.5
858 921 298 91 231 237 8 273 -7098500.0
858 921 298 223 186 198 244 222 -7238348.0
311 654 215 91 231 27 8 273 -7428488.0
311 654 215 91 231 27 8 273 -7465082.0
827 837 51 91 45 237 77 218 -7491207.5
858 921 298 91 231 237 8 273 -7588382.5
858 654 215 91 252 27 81 273 -7721697.5
242 654 215 91 231 237 8 273 -7854586.0
242 654 215 91 231 237 8 273 -7902194.0
827 837 51 110 45 60 77 218 -7943906.5
311 732 97 205 191 27 231 182 -7997464.5
Mejor: 242 654 215 91 231 237 8 273 -6353474.5

-------------------------------------------------
GENERACIÓN 9
242 654 215 91 231 237 8 273 -6353474.5
622 692 170 184 275 225 145 189 -6371950.0
858 921 298 91 231 237 8 273 -6482249.5
311 654 215 91 231 27 8 273 -6520346.5
827 837 51 91 45 237 77 218 -6655274.0
242 654 215 91 231 237 8 273 -6826902.5
311 654 215 91 231 27 8 273 -6980545.5
858 921 298 91 231 237 8 273 -7098500.0
858 921 298 223 186 198 244 222 -7238348.0
311 654 215 91 231 27 8 273 -7428488.0
311 654 215 91 231 27 8 273 -7465082.0
827 837 51 91 45 237 77 218 -7491207.5
858 921 298 91 231 237 8 273 -7588382.5
858 654 215 91 252 27 81 273 -7721697.5
311 654 215 91 231 27 8 273 -7846688.0
242 654 215 91 231 237 8 273 -7854586.0
Mejor: 242 654 215 91 231 237 8 273 -6353474.5

-------------------------------------------------
GENERACIÓN 10
242 654 215 91 231 237 8 273 -6353474.5
622 692 170 184 275 225 145 189 -6371950.0
858 921 298 91 231 237 8 273 -6482249.5
311 654 215 91 231 27 8 273 -6520346.5
827 837 51 91 45 237 77 218 -6655274.0
242 654 215 91 231 237 8 273 -6826902.5
311 654 215 91 231 27 8 273 -6980545.5
858 921 298 91 231 237 8 273 -7070272.5
858 921 298 91 231 237 8 273 -7098500.0
242 654 215 91 231 237 8 273 -7126549.5
858 921 298 223 186 198 244 222 -7238348.0
311 654 215 91 231 27 8 273 -7428488.0
311 654 215 91 231 27 8 273 -7465082.0
827 837 51 91 45 237 77 218 -7491207.5
858 921 298 91 231 237 8 273 -7588382.5
858 654 215 91 252 27 81 273 -7721697.5
Mejor: 242 654 215 91 231 237 8 273 -6353474.5

-------------------------------------------------
GENERACIÓN 11
827 837 51 91 231 237 77 273 -5696966.0
827 837 51 91 231 237 77 273 -5696966.0
622 692 170 184 275 225 145 189 -6371950.0
858 921 298 91 231 237 8 273 -6380079.5
858 921 298 91 231 237 8 273 -6482249.5
311 654 215 91 231 27 8 273 -6520346.5
827 837 51 91 45 237 77 218 -6655274.0
242 654 215 91 231 237 8 273 -6826902.5
311 654 215 91 231 27 8 273 -6970297.5
311 654 215 91 231 27 8 273 -6980545.5
858 921 298 91 231 237 8 273 -7070272.5
858 921 298 91 231 237 8 273 -7098500.0
242 654 215 91 231 237 8 273 -7126549.5
311 654 215 91 231 27 8 273 -7141582.0
858 921 298 223 186 198 244 222 -7238348.0
311 654 215 91 231 27 8 273 -7428488.0
Mejor: 827 837 51 91 231 237 77 273 -5696966.0

-------------------------------------------------
GENERACIÓN 12
827 837 51 91 231 237 77 273 -5696966.0
827 837 51 91 231 237 77 273 -5696966.0
622 692 170 184 275 225 145 189 -6371950.0
858 921 298 91 231 237 8 273 -6380079.5
858 921 298 91 231 237 8 273 -6482249.5
311 654 215 91 231 27 8 273 -6520346.5
827 837 51 91 45 237 77 218 -6655274.0
242 654 215 91 231 237 8 273 -6826902.5
311 654 215 91 231 27 8 273 -6970297.5
311 654 215 91 231 27 8 273 -6980545.5
858 921 298 91 231 237 8 273 -7070272.5
858 921 298 91 231 237 8 273 -7098500.0
242 654 215 91 231 237 8 273 -7126549.5
311 654 215 91 231 27 8 273 -7141582.0
858 921 298 223 186 198 244 222 -7238348.0
311 654 215 91 231 27 8 273 -7428488.0
Mejor: 827 837 51 91 231 237 77 273 -5696966.0

-------------------------------------------------
GENERACIÓN 13
827 837 51 91 231 237 77 273 -5696966.0
827 837 51 91 231 237 77 273 -5696966.0
622 692 170 184 275 225 145 189 -6371950.0
858 921 298 91 231 237 8 273 -6380079.5
858 921 298 91 231 237 8 273 -6482249.5
311 654 215 91 231 27 8 273 -6520346.5
827 837 51 91 45 237 77 218 -6655274.0
242 654 215 91 231 237 8 273 -6826902.5
311 654 215 91 231 27 8 273 -6970297.5
311 654 215 91 231 27 8 273 -6980545.5
858 921 298 91 231 237 8 273 -7070272.5
858 921 298 91 231 237 8 273 -7098500.0
242 654 215 91 231 237 8 273 -7126549.5
311 654 215 91 231 27 8 273 -7141582.0
858 921 298 223 186 198 244 222 -7238348.0
311 654 215 91 231 27 8 273 -7428488.0
Mejor: 827 837 51 91 231 237 77 273 -5696966.0

-------------------------------------------------
GENERACIÓN 14
827 837 51 91 231 237 77 273 -5696966.0
827 837 51 91 231 237 77 273 -5696966.0
622 692 170 184 275 225 145 189 -6371950.0
858 921 298 91 231 237 8 273 -6380079.5
858 921 298 91 231 237 8 273 -6482249.5
311 654 215 91 231 27 8 273 -6520346.5
827 692 51 184 231 237 145 189 -6574597.5
827 837 51 91 45 237 77 218 -6655274.0
242 654 215 91 231 237 8 273 -6826902.5
311 654 215 184 275 27 145 189 -6892406.5
311 654 215 91 231 27 8 273 -6970297.5
311 654 215 91 231 27 8 273 -6980545.5
858 921 298 91 231 237 8 273 -7070272.5
858 921 298 91 231 237 8 273 -7098500.0
311 654 215 91 231 27 8 273 -7125605.5
242 654 215 91 231 237 8 273 -7126549.5
Mejor: 827 837 51 91 231 237 77 273 -5696966.0

-------------------------------------------------
GENERACIÓN 15
827 837 51 91 231 237 77 273 -5696966.0
827 837 51 91 231 237 77 273 -5696966.0
622 692 170 184 275 225 145 189 -6371950.0
858 921 298 91 231 237 8 273 -6380079.5
858 921 298 91 231 237 8 273 -6482249.5
311 654 215 91 231 27 8 273 -6520346.5
827 692 51 184 231 237 145 189 -6574597.5
827 837 51 91 45 237 77 218 -6655274.0
242 654 215 91 231 237 8 273 -6826902.5
311 654 215 184 275 27 145 189 -6892406.5
311 654 215 91 231 27 8 273 -6970297.5
311 654 215 91 231 27 8 273 -6980545.5
858 921 298 91 231 237 8 273 -7070272.5
858 921 298 91 231 237 8 273 -7098500.0
311 654 215 91 231 27 8 273 -7125605.5
242 654 215 91 231 237 8 273 -7126549.5
Mejor: 827 837 51 91 231 237 77 273 -5696966.0

-------------------------------------------------
GENERACIÓN 16
311 837 215 91 231 27 8 273 -5113824.0
827 837 51 91 231 237 77 273 -5696966.0
311 837 215 91 231 27 8 273 -5113824.0
622 692 170 184 275 225 145 189 -6371950.0
858 921 298 91 231 237 8 273 -6380079.5
858 921 298 91 231 237 8 273 -6482249.5
311 654 215 91 231 27 8 273 -6520346.5
827 692 51 184 231 237 145 189 -6574597.5
827 837 51 91 45 237 77 218 -6655274.0
242 654 215 91 231 237 8 273 -6826902.5
311 654 215 184 275 27 145 189 -6892406.5
311 654 215 91 231 27 8 273 -6970297.5
311 654 215 91 231 27 8 273 -6980545.5
858 921 298 91 231 237 8 273 -7070272.5
858 921 298 91 231 237 8 273 -7098500.0
311 654 215 91 231 27 8 273 -7125605.5
Mejor: 311 837 215 91 231 27 8 273 -5113824.0

-------------------------------------------------
GENERACIÓN 17
311 837 215 91 231 27 8 273 -5113824.0
311 837 215 91 231 27 8 273 -5113824.0
827 837 51 91 231 237 77 273 -5696966.0
311 921 215 91 231 237 8 273 -6148126.0
622 692 170 184 275 225 145 189 -6371950.0
858 921 298 91 231 237 8 273 -6380079.5
858 921 298 91 231 237 8 273 -6482249.5
311 654 215 91 231 27 8 273 -6520346.5
827 692 51 184 231 237 145 189 -6574597.5
827 837 51 91 45 237 77 218 -6655274.0
242 654 215 91 231 237 8 273 -6826902.5
311 654 215 184 275 27 145 189 -6892406.5
311 654 215 91 231 27 8 273 -6970297.5
311 654 215 91 231 27 8 273 -6980545.5
858 921 298 91 231 237 8 273 -7070272.5
858 921 298 91 231 237 8 273 -7098500.0
Mejor: 311 837 215 91 231 27 8 273 -5113824.0

-------------------------------------------------
GENERACIÓN 18
311 837 215 91 231 27 8 273 -5113824.0
311 837 215 91 231 27 8 273 -5113824.0
827 837 51 91 231 237 77 273 -5696966.0
311 921 215 91 231 237 8 273 -6148126.0
622 692 170 184 275 225 145 189 -6371950.0
858 921 298 91 231 237 8 273 -6380079.5
858 921 298 91 231 237 8 273 -6482249.5
311 654 215 91 231 27 8 273 -6520346.5
827 692 51 184 231 237 145 189 -6574597.5
827 837 51 91 45 237 77 218 -6655274.0
242 654 215 91 231 237 8 273 -6826902.5
311 654 215 184 275 27 145 189 -6892406.5
311 654 215 184 45 27 145 189 -6899025.5
311 654 215 91 231 27 8 273 -6970297.5
311 654 215 91 231 27 8 273 -6980545.5
858 921 298 91 231 237 8 273 -7070272.5
Mejor: 311 837 215 91 231 27 8 273 -5113824.0

-------------------------------------------------
GENERACIÓN 19
311 837 215 91 231 27 8 273 -5113824.0
311 837 215 91 231 27 8 273 -5113824.0
827 837 51 91 231 237 77 273 -5696966.0
311 921 215 91 231 237 8 273 -6148126.0
622 692 170 184 275 225 145 189 -6371950.0
858 921 298 91 231 237 8 273 -6380079.5
858 921 298 91 231 237 8 273 -6482249.5
311 654 215 91 231 27 8 273 -6520346.5
827 692 51 184 231 237 145 189 -6574597.5
827 837 51 91 45 237 77 218 -6655274.0
858 654 298 91 231 27 8 273 -6826845.5
242 654 215 91 231 237 8 273 -6826902.5
311 654 215 184 275 27 145 189 -6892406.5
311 654 215 184 45 27 145 189 -6899025.5
311 654 215 91 231 27 8 273 -6970297.5
311 654 215 91 231 27 8 273 -6980545.5
Mejor: 311 837 215 91 231 27 8 273 -5113824.0

-------------------------------------------------
GENERACIÓN 20
311 837 215 91 231 27 8 273 -5113824.0
311 837 215 91 231 27 8 273 -5113824.0
827 837 51 91 231 237 77 273 -5696966.0
311 921 215 91 231 237 8 273 -6148126.0
622 692 170 184 275 225 145 189 -6371950.0
858 921 298 91 231 237 8 273 -6380079.5
858 921 298 91 231 237 8 273 -6482249.5
311 654 215 91 231 27 8 273 -6520346.5
827 692 51 184 231 237 145 189 -6574597.5
827 837 51 91 45 237 77 218 -6655274.0
858 654 298 91 231 27 8 273 -6826845.5
242 654 215 91 231 237 8 273 -6826902.5
311 654 215 184 275 27 145 189 -6892406.5
311 654 215 184 45 27 145 189 -6899025.5
311 654 215 91 231 27 8 273 -6970297.5
311 654 215 91 231 27 8 273 -6980545.5
Mejor: 311 837 215 91 231 27 8 273 -5113824.0

-------------------------------------------------
