GENERACIÓN 1
540 563 275 35 137 18 172 287 0.07124389
500 587 92 223 229 79 246 25 0.034438994
500 587 92 223 229 79 246 25 0.034438994
784 948 212 35 276 18 289 253 0.030800827
784 948 212 35 137 18 128 287 0.024988616
784 948 212 35 137 18 128 287 0.024988616
784 948 212 35 137 18 128 287 0.024988616
954 459 275 75 264 160 172 241 0.0068304646
784 959 10 75 137 160 253 287 0.003984857
954 959 97 75 264 160 253 241 -0.002631246
506 948 212 218 276 201 128 221 -0.0390648

-------------------------------------------------
GENERACIÓN 2
540 563 275 35 137 18 172 287 0.07124389
540 563 275 35 137 18 172 287 0.07124389
540 563 275 35 137 18 172 287 0.07124389
540 563 275 35 137 18 172 287 0.07124389
500 587 92 223 229 79 246 25 0.034438994
500 587 92 223 229 79 246 25 0.034438994
784 948 212 35 276 18 289 253 0.030800827
784 948 212 35 137 18 128 287 0.024988616
784 948 212 35 137 18 128 287 0.024988616
784 948 212 35 137 18 128 287 0.024988616
954 459 275 75 264 160 172 241 0.0068304646

-------------------------------------------------
GENERACIÓN 3
540 563 275 35 137 18 172 287 0.07124389
540 563 275 35 137 18 172 287 0.07124389
540 563 275 35 137 18 172 287 0.07124389
540 563 275 35 137 18 172 287 0.07124389
540 563 275 35 137 18 172 287 0.07124389
540 563 275 35 137 18 172 287 0.07124389
540 563 275 35 137 18 172 287 0.07124389
500 587 92 223 229 79 246 25 0.034438994
784 948 212 35 276 18 289 253 0.030800827
784 948 212 35 137 18 128 287 0.024988616
784 948 212 35 137 18 128 287 0.024988616

-------------------------------------------------
GENERACIÓN 4
540 563 275 35 137 18 172 287 0.07124389
540 563 275 35 137 18 172 287 0.07124389
540 563 275 35 137 18 172 287 0.07124389
540 563 275 35 137 18 172 287 0.07124389
540 563 275 35 137 18 172 287 0.07124389
540 563 275 35 137 18 172 287 0.07124389
540 563 275 35 137 18 172 287 0.07124389
540 563 275 35 137 18 172 287 0.07124389
540 563 275 35 137 18 172 287 0.07124389
540 563 275 35 137 18 172 287 0.07124389
540 563 275 35 137 18 172 287 0.07124389

-------------------------------------------------
GENERACIÓN 5
540 563 275 35 137 18 172 287 0.07124389
540 563 275 35 137 18 172 287 0.07124389
540 563 275 35 137 18 172 287 0.07124389
540 563 275 35 137 18 172 287 0.07124389
540 563 275 35 137 18 172 287 0.07124389
540 563 275 35 137 18 172 287 0.07124389
540 563 275 35 137 18 172 287 0.07124389
540 563 275 35 137 18 172 287 0.07124389
540 563 275 35 137 18 172 287 0.07124389
540 563 275 35 137 18 172 287 0.07124389
540 563 275 35 137 18 172 287 0.07124389

-------------------------------------------------
GENERACIÓN 6
540 563 275 35 137 18 172 287 0.07124389
540 563 275 35 137 18 172 287 0.07124389
540 563 275 35 137 18 172 287 0.07124389
540 563 275 35 137 18 172 287 0.07124389
540 563 275 35 137 18 172 287 0.07124389
540 563 275 35 137 18 172 287 0.07124389
540 563 275 35 137 18 172 287 0.07124389
540 563 275 35 137 18 172 287 0.07124389
540 563 275 35 137 18 172 287 0.07124389
540 563 275 35 137 18 172 287 0.07124389
540 563 275 35 137 18 172 287 0.07124389

-------------------------------------------------
GENERACIÓN 7
540 563 275 35 137 18 172 287 0.07124389
540 563 275 35 137 18 172 287 0.07124389
540 563 275 35 137 18 172 287 0.07124389
540 563 275 35 137 18 172 287 0.07124389
540 563 275 35 137 18 172 287 0.07124389
540 563 275 35 137 18 172 287 0.07124389
540 563 275 35 137 18 172 287 0.07124389
540 563 275 35 137 18 172 287 0.07124389
540 563 275 35 137 18 172 287 0.07124389
540 563 275 35 137 18 172 287 0.07124389
540 563 275 35 137 18 172 287 0.07124389

-------------------------------------------------
GENERACIÓN 8
540 563 275 35 137 18 172 287 0.07124389
540 563 275 35 137 18 172 287 0.07124389
540 563 275 35 137 18 172 287 0.07124389
540 563 275 35 137 18 172 287 0.07124389
540 563 275 35 137 18 172 287 0.07124389
540 563 275 35 137 18 172 287 0.07124389
540 563 275 35 137 18 172 287 0.07124389
540 563 275 35 137 18 172 287 0.07124389
540 563 275 35 137 18 172 287 0.07124389
540 563 275 35 137 18 172 287 0.07124389
540 563 275 35 137 18 172 287 0.07124389

-------------------------------------------------
GENERACIÓN 9
540 563 275 35 137 18 172 287 0.07124389
540 563 275 35 137 18 172 287 0.07124389
540 563 275 35 137 18 172 287 0.07124389
540 563 275 35 137 18 172 287 0.07124389
540 563 275 35 137 18 172 287 0.07124389
540 563 275 35 137 18 172 287 0.07124389
540 563 275 35 137 18 172 287 0.07124389
540 563 275 35 137 18 172 287 0.07124389
540 563 275 35 137 18 172 287 0.07124389
540 563 275 35 137 18 172 287 0.07124389
540 563 275 35 137 18 172 287 0.07124389

-------------------------------------------------
GENERACIÓN 10
540 563 275 35 137 18 172 287 0.07124389
540 563 275 35 137 18 172 287 0.07124389
540 563 275 35 137 18 172 287 0.07124389
540 563 275 35 137 18 172 287 0.07124389
540 563 275 35 137 18 172 287 0.07124389
540 563 275 35 137 18 172 287 0.07124389
540 563 275 35 137 18 172 287 0.07124389
540 563 275 35 137 18 172 287 0.07124389
540 563 275 35 137 18 172 287 0.07124389
540 563 275 35 137 18 172 287 0.07124389
540 563 275 35 137 18 172 287 0.07124389

-------------------------------------------------
GENERACIÓN 11
540 563 275 35 137 18 172 287 0.07124389
540 563 275 35 137 18 172 287 0.07124389
540 563 275 35 137 18 172 287 0.07124389
540 563 275 35 137 18 172 287 0.07124389
540 563 275 35 137 18 172 287 0.07124389
540 563 275 35 137 18 172 287 0.07124389
540 563 275 35 137 18 172 287 0.07124389
540 563 275 35 137 18 172 287 0.07124389
540 563 275 35 137 18 172 287 0.07124389
540 563 275 35 137 18 172 287 0.07124389
540 563 275 35 137 18 172 287 0.07124389

-------------------------------------------------
GENERACIÓN 12
540 563 275 35 137 18 172 287 0.07124389
540 563 275 35 137 18 172 287 0.07124389
540 563 275 35 137 18 172 287 0.07124389
540 563 275 35 137 18 172 287 0.07124389
540 563 275 35 137 18 172 287 0.07124389
540 563 275 35 137 18 172 287 0.07124389
540 563 275 35 137 18 172 287 0.07124389
540 563 275 35 137 18 172 287 0.07124389
540 563 275 35 137 18 172 287 0.07124389
540 563 275 35 137 18 172 287 0.07124389
540 563 275 35 137 18 172 287 0.07124389

-------------------------------------------------
GENERACIÓN 13
540 563 275 35 137 18 172 287 0.07124389
540 563 275 35 137 18 172 287 0.07124389
540 563 275 35 137 18 172 287 0.07124389
540 563 275 35 137 18 172 287 0.07124389
540 563 275 35 137 18 172 287 0.07124389
540 563 275 35 137 18 172 287 0.07124389
540 563 275 35 137 18 172 287 0.07124389
540 563 275 35 137 18 172 287 0.07124389
540 563 275 35 137 18 172 287 0.07124389
540 563 275 35 137 18 172 287 0.07124389
540 563 275 35 137 18 172 287 0.07124389

-------------------------------------------------
GENERACIÓN 14
540 563 275 35 137 18 172 287 0.07124389
540 563 275 35 137 18 172 287 0.07124389
540 563 275 35 137 18 172 287 0.07124389
540 563 275 35 137 18 172 287 0.07124389
540 563 275 35 137 18 172 287 0.07124389
540 563 275 35 137 18 172 287 0.07124389
540 563 275 35 137 18 172 287 0.07124389
540 563 275 35 137 18 172 287 0.07124389
540 563 275 35 137 18 172 287 0.07124389
540 563 275 35 137 18 172 287 0.07124389
540 563 275 35 137 18 172 287 0.07124389

-------------------------------------------------
GENERACIÓN 15
540 563 275 35 137 18 172 287 0.07124389
540 563 275 35 137 18 172 287 0.07124389
540 563 275 35 137 18 172 287 0.07124389
540 563 275 35 137 18 172 287 0.07124389
540 563 275 35 137 18 172 287 0.07124389
540 563 275 35 137 18 172 287 0.07124389
540 563 275 35 137 18 172 287 0.07124389
540 563 275 35 137 18 172 287 0.07124389
540 563 275 35 137 18 172 287 0.07124389
540 563 275 35 137 18 172 287 0.07124389
540 563 275 35 137 18 172 287 0.07124389

-------------------------------------------------
GENERACIÓN 16
540 563 275 35 137 18 172 287 0.07124389
540 563 275 35 137 18 172 287 0.07124389
540 563 275 35 137 18 172 287 0.07124389
540 563 275 35 137 18 172 287 0.07124389
540 563 275 35 137 18 172 287 0.07124389
540 563 275 35 137 18 172 287 0.07124389
540 563 275 35 137 18 172 287 0.07124389
540 563 275 35 137 18 172 287 0.07124389
540 563 275 35 137 18 172 287 0.07124389
540 563 275 35 137 18 172 287 0.07124389
540 563 275 35 137 18 172 287 0.07124389

-------------------------------------------------
GENERACIÓN 17
540 563 275 35 137 18 172 287 0.07124389
540 563 275 35 137 18 172 287 0.07124389
540 563 275 35 137 18 172 287 0.07124389
540 563 275 35 137 18 172 287 0.07124389
540 563 275 35 137 18 172 287 0.07124389
540 563 275 35 137 18 172 287 0.07124389
540 563 275 35 137 18 172 287 0.07124389
540 563 275 35 137 18 172 287 0.07124389
540 563 275 35 137 18 172 287 0.07124389
540 563 275 35 137 18 172 287 0.07124389
540 563 275 35 137 18 172 287 0.07124389

-------------------------------------------------
GENERACIÓN 18
540 563 275 35 137 18 172 287 0.07124389
540 563 275 35 137 18 172 287 0.07124389
540 563 275 35 137 18 172 287 0.07124389
540 563 275 35 137 18 172 287 0.07124389
540 563 275 35 137 18 172 287 0.07124389
540 563 275 35 137 18 172 287 0.07124389
540 563 275 35 137 18 172 287 0.07124389
540 563 275 35 137 18 172 287 0.07124389
540 563 275 35 137 18 172 287 0.07124389
540 563 275 35 137 18 172 287 0.07124389
540 563 275 35 137 18 172 287 0.07124389

-------------------------------------------------
GENERACIÓN 19
540 563 275 35 137 18 172 287 0.07124389
540 563 275 35 137 18 172 287 0.07124389
540 563 275 35 137 18 172 287 0.07124389
540 563 275 35 137 18 172 287 0.07124389
540 563 275 35 137 18 172 287 0.07124389
540 563 275 35 137 18 172 287 0.07124389
540 563 275 35 137 18 172 287 0.07124389
540 563 275 35 137 18 172 287 0.07124389
540 563 275 35 137 18 172 287 0.07124389
540 563 275 35 137 18 172 287 0.07124389
540 563 275 35 137 18 172 287 0.07124389

-------------------------------------------------
GENERACIÓN 20
540 563 275 35 137 18 172 287 0.07124389
540 563 275 35 137 18 172 287 0.07124389
540 563 275 35 137 18 172 287 0.07124389
540 563 275 35 137 18 172 287 0.07124389
540 563 275 35 137 18 172 287 0.07124389
540 563 275 35 137 18 172 287 0.07124389
540 563 275 35 137 18 172 287 0.07124389
540 563 275 35 137 18 172 287 0.07124389
540 563 275 35 137 18 172 287 0.07124389
540 563 275 35 137 18 172 287 0.07124389
540 563 275 35 137 18 172 287 0.07124389

-------------------------------------------------
GENERACIÓN 21
540 563 275 35 137 18 172 287 0.07124389
540 563 275 35 137 18 172 287 0.07124389
540 563 275 35 137 18 172 287 0.07124389
540 563 275 35 137 18 172 287 0.07124389
540 563 275 35 137 18 172 287 0.07124389
540 563 275 35 137 18 172 287 0.07124389
540 563 275 35 137 18 172 287 0.07124389
540 563 275 35 137 18 172 287 0.07124389
540 563 275 35 137 18 172 287 0.07124389
540 563 275 35 137 18 172 287 0.07124389
540 563 275 35 137 18 172 287 0.07124389

-------------------------------------------------
GENERACIÓN 22
540 563 275 35 137 18 172 287 0.07124389
540 563 275 35 137 18 172 287 0.07124389
540 563 275 35 137 18 172 287 0.07124389
540 563 275 35 137 18 172 287 0.07124389
540 563 275 35 137 18 172 287 0.07124389
540 563 275 35 137 18 172 287 0.07124389
540 563 275 35 137 18 172 287 0.07124389
540 563 275 35 137 18 172 287 0.07124389
540 563 275 35 137 18 172 287 0.07124389
540 563 275 35 137 18 172 287 0.07124389
540 563 275 35 137 18 172 287 0.07124389

-------------------------------------------------
GENERACIÓN 23
540 563 275 35 137 18 172 287 0.07124389
540 563 275 35 137 18 172 287 0.07124389
540 563 275 35 137 18 172 287 0.07124389
540 563 275 35 137 18 172 287 0.07124389
540 563 275 35 137 18 172 287 0.07124389
540 563 275 35 137 18 172 287 0.07124389
540 563 275 35 137 18 172 287 0.07124389
540 563 275 35 137 18 172 287 0.07124389
540 563 275 35 137 18 172 287 0.07124389
540 563 275 35 137 18 172 287 0.07124389
540 563 275 35 137 18 172 287 0.07124389

-------------------------------------------------
GENERACIÓN 24
540 563 275 35 137 18 172 287 0.07124389
540 563 275 35 137 18 172 287 0.07124389
540 563 275 35 137 18 172 287 0.07124389
540 563 275 35 137 18 172 287 0.07124389
540 563 275 35 137 18 172 287 0.07124389
540 563 275 35 137 18 172 287 0.07124389
540 563 275 35 137 18 172 287 0.07124389
540 563 275 35 137 18 172 287 0.07124389
540 563 275 35 137 18 172 287 0.07124389
540 563 275 35 137 18 172 287 0.07124389
540 563 275 35 137 18 172 287 0.07124389

-------------------------------------------------
GENERACIÓN 25
540 563 275 35 137 18 172 287 0.07124389
540 563 275 35 137 18 172 287 0.07124389
540 563 275 35 137 18 172 287 0.07124389
540 563 275 35 137 18 172 287 0.07124389
540 563 275 35 137 18 172 287 0.07124389
540 563 275 35 137 18 172 287 0.07124389
540 563 275 35 137 18 172 287 0.07124389
540 563 275 35 137 18 172 287 0.07124389
540 563 275 35 137 18 172 287 0.07124389
540 563 275 35 137 18 172 287 0.07124389
540 563 275 35 137 18 172 287 0.07124389

-------------------------------------------------
GENERACIÓN 26
540 563 275 35 137 18 172 287 0.07124389
540 563 275 35 137 18 172 287 0.07124389
540 563 275 35 137 18 172 287 0.07124389
540 563 275 35 137 18 172 287 0.07124389
540 563 275 35 137 18 172 287 0.07124389
540 563 275 35 137 18 172 287 0.07124389
540 563 275 35 137 18 172 287 0.07124389
540 563 275 35 137 18 172 287 0.07124389
540 563 275 35 137 18 172 287 0.07124389
540 563 275 35 137 18 172 287 0.07124389
540 563 275 35 137 18 172 287 0.07124389

-------------------------------------------------
GENERACIÓN 27
540 563 275 35 137 18 172 287 0.07124389
540 563 275 35 137 18 172 287 0.07124389
540 563 275 35 137 18 172 287 0.07124389
540 563 275 35 137 18 172 287 0.07124389
540 563 275 35 137 18 172 287 0.07124389
540 563 275 35 137 18 172 287 0.07124389
540 563 275 35 137 18 172 287 0.07124389
540 563 275 35 137 18 172 287 0.07124389
540 563 275 35 137 18 172 287 0.07124389
540 563 275 35 137 18 172 287 0.07124389
540 563 275 35 137 18 172 287 0.07124389

-------------------------------------------------
GENERACIÓN 28
540 563 275 35 137 18 172 287 0.07124389
540 563 275 35 137 18 172 287 0.07124389
540 563 275 35 137 18 172 287 0.07124389
540 563 275 35 137 18 172 287 0.07124389
540 563 275 35 137 18 172 287 0.07124389
540 563 275 35 137 18 172 287 0.07124389
540 563 275 35 137 18 172 287 0.07124389
540 563 275 35 137 18 172 287 0.07124389
540 563 275 35 137 18 172 287 0.07124389
540 563 275 35 137 18 172 287 0.07124389
540 563 275 35 137 18 172 287 0.07124389

-------------------------------------------------
GENERACIÓN 29
540 563 275 35 137 18 172 287 0.07124389
540 563 275 35 137 18 172 287 0.07124389
540 563 275 35 137 18 172 287 0.07124389
540 563 275 35 137 18 172 287 0.07124389
540 563 275 35 137 18 172 287 0.07124389
540 563 275 35 137 18 172 287 0.07124389
540 563 275 35 137 18 172 287 0.07124389
540 563 275 35 137 18 172 287 0.07124389
540 563 275 35 137 18 172 287 0.07124389
540 563 275 35 137 18 172 287 0.07124389
540 563 275 35 137 18 172 287 0.07124389

-------------------------------------------------
GENERACIÓN 30
540 563 275 35 137 18 172 287 0.07124389
540 563 275 35 137 18 172 287 0.07124389
540 563 275 35 137 18 172 287 0.07124389
540 563 275 35 137 18 172 287 0.07124389
540 563 275 35 137 18 172 287 0.07124389
540 563 275 35 137 18 172 287 0.07124389
540 563 275 35 137 18 172 287 0.07124389
540 563 275 35 137 18 172 287 0.07124389
540 563 275 35 137 18 172 287 0.07124389
540 563 275 35 137 18 172 287 0.07124389
540 563 275 35 137 18 172 287 0.07124389

-------------------------------------------------
