GENERACIÓN 0
260 719 43 222 206 151 2 264 -0.016966818
646 889 222 91 97 133 52 41 -0.017077023
949 959 35 60 208 118 62 260 -0.01973011
124 466 108 199 101 243 271 179 -0.02193066
783 926 165 162 155 49 64 157 -0.022023266
380 672 177 23 272 283 231 9 -0.022193259
205 236 250 217 30 122 262 28 -0.15055649
669 858 82 274 7 263 169 233 -0.15941249
636 898 253 291 243 180 38 68 -0.16242099
768 924 233 241 224 191 19 287 -0.16625424
309 934 4 89 170 177 282 71 -0.1667425
180 729 60 272 10 268 51 294 -0.17916274
266 518 276 2 267 105 180 288 -0.2836898
267 725 36 265 163 265 122 39 -0.30168667
939 950 213 295 201 175 107 131 -0.3675002
709 868 51 246 98 78 2 118 -0.6126051
Mejor: 260 719 43 222 206 151 2 264 -0.016966818

-------------------------------------------------
GENERACIÓN 1
309 898 253 291 243 177 38 71 -0.0140547715
669 858 82 222 7 263 2 264 -0.016440587
260 719 43 222 206 151 2 264 -0.016966818
646 889 222 91 97 133 52 41 -0.017077023
380 672 177 23 272 283 231 9 -0.01746312
646 889 222 2 97 105 180 288 -0.017659666
949 959 35 60 208 118 62 260 -0.01973011
124 466 108 199 101 243 271 179 -0.02193066
783 926 165 162 155 49 64 157 -0.022023266
636 898 177 23 272 180 231 68 -0.022102507
380 672 177 23 272 283 231 9 -0.022193259
949 959 35 60 208 118 62 260 -0.022238927
380 672 253 291 243 283 38 9 -0.033872496
646 889 222 91 97 133 52 41 -0.04101632
205 236 250 217 30 122 262 28 -0.15055649
380 672 177 23 272 283 231 9 -0.15062614
Mejor: 309 898 253 291 243 177 38 71 -0.0140547715

-------------------------------------------------
GENERACIÓN 2
309 898 253 291 243 177 38 71 -0.0140547715
669 858 82 222 7 263 2 264 -0.016440587
646 889 222 2 97 105 180 288 -0.016616933
260 719 43 222 206 151 2 264 -0.016966818
646 889 222 91 97 133 52 41 -0.017077023
380 672 177 23 272 283 231 9 -0.01746312
646 889 222 2 97 105 180 288 -0.017659666
646 889 222 91 97 133 52 41 -0.01792485
669 858 82 222 7 263 2 264 -0.019355707
949 959 35 23 208 118 231 260 -0.019394325
949 959 35 60 208 118 62 260 -0.01973011
646 898 177 23 97 180 231 41 -0.02031341
124 466 108 199 101 243 271 179 -0.02193066
783 926 165 162 155 49 64 157 -0.022023266
636 898 177 23 272 180 231 68 -0.022102507
380 672 177 23 272 283 231 9 -0.022193259
Mejor: 309 898 253 291 243 177 38 71 -0.0140547715

-------------------------------------------------
GENERACIÓN 3
309 898 253 291 243 177 38 71 -0.0140547715
669 858 82 222 7 263 2 264 -0.015642611
669 858 82 222 7 263 2 264 -0.016440587
646 889 222 2 97 105 180 288 -0.016616933
309 898 35 60 208 118 38 71 -0.016664328
260 719 43 222 206 151 2 264 -0.016966818
646 889 222 91 97 133 52 41 -0.017077023
380 672 177 23 272 283 231 9 -0.01746312
646 889 222 2 97 105 180 288 -0.017659666
646 889 222 91 97 133 52 41 -0.01792485
669 858 82 222 7 263 2 264 -0.01906215
669 889 222 222 7 263 52 41 -0.019131191
669 858 82 222 7 263 2 264 -0.019355707
949 959 35 23 208 118 231 260 -0.019394325
949 959 35 60 208 118 62 260 -0.01973011
646 898 177 23 97 180 231 41 -0.02031341
Mejor: 309 898 253 291 243 177 38 71 -0.0140547715

-------------------------------------------------
GENERACIÓN 4
669 858 82 222 7 263 2 264 -0.013935904
309 898 253 291 243 177 38 71 -0.0140547715
669 858 82 222 7 263 2 264 -0.015642611
669 858 82 222 7 263 2 264 -0.016440587
646 889 222 2 97 105 180 288 -0.016616933
309 898 35 60 208 118 38 71 -0.016664328
260 719 43 222 206 151 2 264 -0.016966818
646 889 222 91 97 133 52 41 -0.017077023
380 672 177 23 272 283 231 9 -0.01746312
646 889 222 2 97 105 180 288 -0.017659666
646 889 222 91 97 133 52 41 -0.01792485
669 858 82 222 7 263 2 264 -0.01906215
669 889 222 222 7 263 52 41 -0.019131191
669 858 82 222 7 263 2 264 -0.019355707
949 959 35 23 208 118 231 260 -0.019394325
949 959 35 60 208 118 62 260 -0.01973011
Mejor: 669 858 82 222 7 263 2 264 -0.013935904

-------------------------------------------------
GENERACIÓN 5
669 858 82 222 7 263 2 264 -0.013935904
309 898 253 291 243 177 38 71 -0.0140547715
309 898 253 60 243 177 38 71 -0.014597311
669 858 82 222 7 263 2 264 -0.015642611
309 898 35 291 208 118 38 71 -0.016024213
669 858 82 222 7 263 2 264 -0.016440587
646 889 222 2 97 105 180 288 -0.016616933
309 898 35 60 208 118 38 71 -0.016664328
260 719 43 222 206 151 2 264 -0.016966818
646 889 222 91 97 133 52 41 -0.017077023
380 672 177 23 272 283 231 9 -0.01746312
646 889 222 2 97 105 180 288 -0.017659666
646 889 222 91 97 133 52 41 -0.01792485
669 858 82 222 7 263 2 264 -0.01906215
669 889 222 222 7 263 52 41 -0.019131191
669 858 82 222 7 263 2 264 -0.019355707
Mejor: 669 858 82 222 7 263 2 264 -0.013935904

-------------------------------------------------
GENERACIÓN 6
309 898 35 291 208 118 38 71 -0.013900648
669 858 82 222 7 263 2 264 -0.013935904
309 898 253 291 243 177 38 71 -0.0140547715
309 898 253 60 243 177 38 71 -0.014597311
669 858 82 222 7 263 2 264 -0.015642611
309 898 35 291 208 118 38 71 -0.016024213
669 858 82 222 7 263 2 264 -0.016440587
646 889 222 2 97 105 180 288 -0.016616933
309 898 35 60 208 118 38 71 -0.016664328
260 719 43 222 206 151 2 264 -0.016966818
646 889 222 91 97 133 52 41 -0.017077023
380 672 177 23 272 283 231 9 -0.01746312
646 889 222 2 97 105 180 288 -0.017659666
646 889 222 91 97 133 52 41 -0.01792485
309 898 253 60 243 177 38 71 -0.018295862
669 858 82 222 7 263 2 264 -0.01906215
Mejor: 309 898 35 291 208 118 38 71 -0.013900648

-------------------------------------------------
GENERACIÓN 7
309 898 35 291 208 118 38 71 -0.013900648
669 858 82 222 7 263 2 264 -0.013935904
309 898 253 291 243 177 38 71 -0.0140547715
309 898 253 60 243 177 38 71 -0.014597311
669 858 82 222 7 263 2 264 -0.015642611
309 898 35 291 208 118 38 71 -0.016024213
669 858 82 222 7 263 2 264 -0.016440587
646 889 222 2 97 105 180 288 -0.016616933
309 898 35 60 208 118 38 71 -0.016664328
309 898 253 291 243 177 38 71 -0.016740413
260 719 43 222 206 151 2 264 -0.016966818
646 889 222 91 97 133 52 41 -0.017077023
380 672 177 23 272 283 231 9 -0.01746312
646 889 222 2 97 105 180 288 -0.017659666
646 889 222 91 97 133 52 41 -0.01792485
669 858 82 222 7 263 2 264 -0.018090902
Mejor: 309 898 35 291 208 118 38 71 -0.013900648

-------------------------------------------------
GENERACIÓN 8
309 898 35 291 208 118 38 71 -0.013900648
669 858 82 222 7 263 2 264 -0.013935904
309 898 253 291 243 177 38 71 -0.0140547715
309 898 253 60 243 177 38 71 -0.014597311
669 858 82 222 7 263 2 264 -0.015642611
309 898 35 291 208 118 38 71 -0.016024213
669 858 82 222 7 263 2 264 -0.016207527
669 858 82 222 7 263 2 264 -0.016440587
646 889 222 2 97 105 180 288 -0.016616933
309 898 35 60 208 118 38 71 -0.016664328
309 898 253 291 243 177 38 71 -0.016740413
260 719 43 222 206 151 2 264 -0.016966818
646 889 222 91 97 133 52 41 -0.017077023
380 672 177 23 272 283 231 9 -0.01746312
646 889 222 2 97 105 180 288 -0.017659666
646 889 222 91 97 133 52 41 -0.01792485
Mejor: 309 898 35 291 208 118 38 71 -0.013900648

-------------------------------------------------
GENERACIÓN 9
309 898 35 291 208 118 38 71 -0.013900648
669 858 82 222 7 263 2 264 -0.013935904
309 898 253 291 243 177 38 71 -0.0140547715
309 898 253 60 243 177 38 71 -0.014597311
669 858 82 222 7 263 2 264 -0.01495389
669 858 82 222 7 263 2 264 -0.015642611
646 889 35 291 208 118 180 71 -0.015798306
309 898 35 291 208 118 38 71 -0.016024213
309 898 35 291 208 118 38 71 -0.016093334
669 858 82 222 7 263 2 264 -0.016207527
669 858 82 222 7 263 2 264 -0.016440587
646 889 222 2 97 105 180 288 -0.016616933
309 898 35 60 208 118 38 71 -0.016664328
309 898 253 291 243 177 38 71 -0.016740413
260 719 43 222 206 151 2 264 -0.016966818
646 889 222 91 97 133 52 41 -0.017077023
Mejor: 309 898 35 291 208 118 38 71 -0.013900648

-------------------------------------------------
GENERACIÓN 10
309 898 35 291 208 118 38 71 -0.013900648
669 858 82 222 7 263 2 264 -0.013935904
309 898 253 291 243 177 38 71 -0.0140547715
309 898 253 60 243 177 38 71 -0.014597311
669 858 82 222 7 263 2 264 -0.01495389
669 858 82 222 7 263 2 264 -0.015642611
646 889 35 291 208 118 180 71 -0.015798306
309 898 35 291 208 118 38 71 -0.016024213
309 898 35 291 208 118 38 71 -0.016093334
669 858 82 222 7 263 2 264 -0.016207527
669 858 82 222 7 263 2 264 -0.016440587
646 889 222 2 97 105 180 288 -0.016616933
669 858 82 222 7 263 2 264 -0.016625186
309 898 35 60 208 118 38 71 -0.016664328
309 898 253 291 243 177 38 71 -0.016740413
260 719 43 222 206 151 2 264 -0.016966818
Mejor: 309 898 35 291 208 118 38 71 -0.013900648

-------------------------------------------------
GENERACIÓN 11
309 898 35 291 208 118 38 71 -0.013900648
669 858 82 222 7 263 2 264 -0.013935904
309 898 253 291 243 177 38 71 -0.0140547715
309 898 253 60 243 177 38 71 -0.014597311
669 858 82 222 7 263 2 264 -0.01495389
669 858 82 222 7 263 2 264 -0.015642611
646 889 35 291 208 118 180 71 -0.015798306
309 898 35 291 208 118 38 71 -0.016024213
309 898 35 291 208 118 38 71 -0.016093334
669 858 82 222 7 263 2 264 -0.016207527
669 858 82 222 7 263 2 264 -0.016440587
646 889 222 2 97 105 180 288 -0.016616933
669 858 82 222 7 263 2 264 -0.016625186
309 898 35 60 208 118 38 71 -0.016664328
309 898 253 291 243 177 38 71 -0.016740413
260 719 43 222 206 151 2 264 -0.016966818
Mejor: 309 898 35 291 208 118 38 71 -0.013900648

-------------------------------------------------
GENERACIÓN 12
309 898 35 291 208 118 38 71 -0.013900648
669 858 82 222 7 263 2 264 -0.013935904
309 898 253 291 243 177 38 71 -0.0140547715
309 898 253 60 243 177 38 71 -0.014597311
669 858 82 222 7 263 2 264 -0.01495389
669 858 82 222 7 263 2 264 -0.015385841
669 858 82 222 7 263 2 264 -0.015642611
646 889 35 291 208 118 180 71 -0.015798306
309 898 35 291 208 118 38 71 -0.016024213
309 898 35 291 208 118 38 71 -0.016093334
669 858 82 222 7 263 2 264 -0.016207527
669 858 82 222 7 263 2 264 -0.016440587
646 889 222 2 97 105 180 288 -0.016616933
669 858 82 222 7 263 2 264 -0.016625186
309 898 35 60 208 118 38 71 -0.016664328
309 898 253 291 243 177 38 71 -0.016740413
Mejor: 309 898 35 291 208 118 38 71 -0.013900648

-------------------------------------------------
GENERACIÓN 13
309 898 35 291 208 118 38 71 -0.013900648
669 858 82 222 7 263 2 264 -0.013935904
309 898 253 291 243 177 38 71 -0.0140547715
309 898 253 60 243 177 38 71 -0.014597311
669 858 82 222 7 263 2 264 -0.01495389
669 858 82 222 7 263 2 264 -0.015385841
669 858 82 222 7 263 2 264 -0.015642611
646 889 35 291 208 118 180 71 -0.015798306
309 898 35 291 208 118 38 71 -0.016024213
309 898 35 291 208 118 38 71 -0.016093334
669 858 82 222 7 263 2 264 -0.016207527
669 858 82 222 7 263 2 264 -0.016440587
646 889 222 2 97 105 180 288 -0.016616933
669 858 82 222 7 263 2 264 -0.016625186
309 898 35 60 208 118 38 71 -0.016664328
309 898 253 291 243 177 38 71 -0.016740413
Mejor: 309 898 35 291 208 118 38 71 -0.013900648

-------------------------------------------------
GENERACIÓN 14
309 898 35 291 208 118 38 71 -0.013900648
669 858 82 222 7 263 2 264 -0.013935904
309 898 253 291 243 177 38 71 -0.0140547715
309 898 253 60 243 177 38 71 -0.014597311
669 858 82 222 7 263 2 264 -0.01495389
669 858 82 222 7 263 2 264 -0.015385841
309 898 253 60 243 177 38 71 -0.015457445
669 858 82 222 7 263 2 264 -0.015642611
646 889 35 291 208 118 180 71 -0.015798306
669 858 82 222 7 263 2 264 -0.015843818
309 898 35 291 208 118 38 71 -0.016024213
309 898 35 291 208 118 38 71 -0.016093334
669 858 82 222 7 263 2 264 -0.016207527
669 858 82 222 7 263 2 264 -0.016440587
646 889 222 2 97 105 180 288 -0.016616933
669 858 82 222 7 263 2 264 -0.016625186
Mejor: 309 898 35 291 208 118 38 71 -0.013900648

-------------------------------------------------
GENERACIÓN 15
309 898 35 291 208 118 38 71 -0.013900648
669 858 82 222 7 263 2 264 -0.013935904
309 898 253 291 243 177 38 71 -0.0140547715
309 898 253 60 243 177 38 71 -0.014597311
669 858 82 222 7 263 2 264 -0.01495389
669 858 82 222 7 263 2 264 -0.015385841
309 898 253 60 243 177 38 71 -0.015457445
669 858 82 222 7 263 2 264 -0.015642611
646 889 35 291 208 118 180 71 -0.015798306
669 858 82 222 7 263 2 264 -0.015843818
309 898 35 291 208 118 38 71 -0.016024213
309 898 35 291 208 118 38 71 -0.016093334
669 858 82 222 7 263 2 264 -0.016207527
669 858 82 222 7 263 2 264 -0.016440587
646 889 222 2 97 105 180 288 -0.016616933
669 858 82 222 7 263 2 264 -0.016625186
Mejor: 309 898 35 291 208 118 38 71 -0.013900648

-------------------------------------------------
GENERACIÓN 16
309 898 35 291 208 118 38 71 -0.013900648
669 858 82 222 7 263 2 264 -0.013935904
309 898 253 291 243 177 38 71 -0.0140547715
309 898 253 60 243 177 38 71 -0.014597311
669 858 82 222 7 263 2 264 -0.01495389
669 858 82 222 7 263 2 264 -0.015385841
309 898 253 60 243 177 38 71 -0.015457445
669 858 82 222 7 263 2 264 -0.015642611
646 889 35 291 208 118 180 71 -0.015798306
669 858 82 222 7 263 2 264 -0.015843818
309 898 35 291 208 118 38 71 -0.016024213
309 898 35 291 208 118 38 71 -0.016093334
669 858 82 222 7 263 2 264 -0.016207527
669 858 82 222 7 263 2 264 -0.016440587
669 858 82 222 7 263 2 264 -0.016519336
646 889 222 2 97 105 180 288 -0.016616933
Mejor: 309 898 35 291 208 118 38 71 -0.013900648

-------------------------------------------------
GENERACIÓN 17
309 898 35 291 208 118 38 71 -0.013900648
669 858 82 222 7 263 2 264 -0.013935904
309 898 253 291 243 177 38 71 -0.0140547715
309 898 253 60 243 177 38 71 -0.014597311
669 858 82 222 7 263 2 264 -0.014809015
669 858 82 222 7 263 2 264 -0.01495389
669 858 82 222 7 263 2 264 -0.015385841
309 898 253 60 243 177 38 71 -0.015457445
669 858 82 222 7 263 2 264 -0.015642611
646 889 35 291 208 118 180 71 -0.015798306
669 858 82 222 7 263 2 264 -0.015843818
309 898 35 291 208 118 38 71 -0.016024213
309 898 35 291 208 118 38 71 -0.016093334
669 889 82 222 208 263 180 264 -0.016097546
669 858 82 222 7 263 2 264 -0.016207527
669 858 82 222 7 263 2 264 -0.016440587
Mejor: 309 898 35 291 208 118 38 71 -0.013900648

-------------------------------------------------
GENERACIÓN 18
309 898 35 291 208 118 38 71 -0.013900648
669 858 82 222 7 263 2 264 -0.013935904
309 898 253 291 243 177 38 71 -0.0140547715
309 898 253 60 243 177 38 71 -0.014597311
669 858 82 222 7 263 2 264 -0.014809015
669 858 82 222 7 263 2 264 -0.01495389
669 858 82 222 7 263 2 264 -0.015385841
309 898 253 60 243 177 38 71 -0.015457445
669 858 82 222 7 263 2 264 -0.015642611
646 889 35 291 208 118 180 71 -0.015798306
669 858 82 222 7 263 2 264 -0.015843818
309 898 35 291 208 118 38 71 -0.016024213
309 898 35 291 208 118 38 71 -0.016093334
669 889 82 222 208 263 180 264 -0.016097546
669 858 82 222 7 263 2 264 -0.016207527
669 858 82 222 7 263 2 264 -0.016440587
Mejor: 309 898 35 291 208 118 38 71 -0.013900648

-------------------------------------------------
GENERACIÓN 19
309 898 35 291 208 118 38 71 -0.013900648
669 858 82 222 7 263 2 264 -0.013935904
309 898 253 291 243 177 38 71 -0.0140547715
309 898 253 60 243 177 38 71 -0.014597311
669 858 82 222 7 263 2 264 -0.014809015
669 858 82 222 7 263 2 264 -0.01495389
669 858 82 222 7 263 2 264 -0.015385841
309 898 253 60 243 177 38 71 -0.015457445
669 858 82 222 7 263 2 264 -0.015642611
646 889 35 291 208 118 180 71 -0.015798306
669 858 82 222 7 263 2 264 -0.015843818
309 898 35 291 208 118 38 71 -0.016024213
309 898 35 291 208 118 38 71 -0.016093334
669 889 82 222 208 263 180 264 -0.016097546
669 858 82 222 7 263 2 264 -0.016207527
669 858 82 222 7 263 2 264 -0.01623732
Mejor: 309 898 35 291 208 118 38 71 -0.013900648

-------------------------------------------------
GENERACIÓN 20
309 898 35 291 208 118 38 71 -0.013900648
669 858 82 222 7 263 2 264 -0.013935904
309 898 253 291 243 177 38 71 -0.0140547715
309 898 253 60 243 177 38 71 -0.014597311
669 858 82 222 7 263 2 264 -0.014809015
669 858 82 222 7 263 2 264 -0.01495389
669 858 82 222 7 263 2 264 -0.015385841
309 898 253 60 243 177 38 71 -0.015457445
669 858 82 222 7 263 2 264 -0.015642611
646 889 35 291 208 118 180 71 -0.015798306
669 858 82 222 7 263 2 264 -0.015843818
309 898 35 291 208 118 38 71 -0.016024213
309 898 35 291 208 118 38 71 -0.016093334
669 889 82 222 208 263 180 264 -0.016097546
309 898 253 291 243 177 38 71 -0.016130604
309 858 253 222 243 177 2 71 -0.016148679
Mejor: 309 898 35 291 208 118 38 71 -0.013900648

-------------------------------------------------
GENERACIÓN 21
309 898 35 291 208 118 38 71 -0.013900648
669 858 82 222 7 263 2 264 -0.013935904
309 898 253 291 243 177 38 71 -0.0140547715
309 898 253 60 243 177 38 71 -0.014597311
669 858 82 222 7 263 2 264 -0.014809015
669 858 82 222 7 263 2 264 -0.01495389
669 858 82 222 7 263 2 264 -0.015385841
309 898 253 60 243 177 38 71 -0.015457445
669 858 82 222 7 263 2 264 -0.015642611
646 889 35 291 208 118 180 71 -0.015798306
669 858 82 222 7 263 2 264 -0.015843818
309 898 35 291 208 118 38 71 -0.016024213
309 898 35 291 208 118 38 71 -0.016093334
669 889 82 222 208 263 180 264 -0.016097546
309 898 253 291 243 177 38 71 -0.016130604
309 858 253 222 243 177 2 71 -0.016148679
Mejor: 309 898 35 291 208 118 38 71 -0.013900648

-------------------------------------------------
GENERACIÓN 22
309 898 35 291 208 118 38 71 -0.013900648
669 858 82 222 7 263 2 264 -0.013935904
309 898 253 291 243 177 38 71 -0.0140547715
309 898 253 60 243 177 38 71 -0.014597311
669 858 82 222 7 263 2 264 -0.014809015
669 858 82 222 7 263 2 264 -0.01495389
669 858 82 222 7 263 2 264 -0.015385841
309 898 253 60 243 177 38 71 -0.015457445
669 858 82 222 7 263 2 264 -0.015642611
646 889 35 291 208 118 180 71 -0.015798306
669 858 82 222 7 263 2 264 -0.015843818
309 898 35 291 208 118 38 71 -0.016024213
309 898 35 291 208 118 38 71 -0.016093334
669 889 82 222 208 263 180 264 -0.016097546
309 898 253 291 243 177 38 71 -0.016130604
309 858 253 222 243 177 2 71 -0.016148679
Mejor: 309 898 35 291 208 118 38 71 -0.013900648

-------------------------------------------------
GENERACIÓN 23
309 898 35 291 208 118 38 71 -0.013900648
669 858 82 222 7 263 2 264 -0.013935904
309 898 253 291 243 177 38 71 -0.0140547715
309 898 253 60 243 177 38 71 -0.014597311
669 858 82 222 7 263 2 264 -0.014809015
669 858 82 222 7 263 2 264 -0.01495389
669 858 82 222 7 263 2 264 -0.015385841
309 898 253 60 243 177 38 71 -0.015457445
669 858 82 222 7 263 2 264 -0.015642611
646 889 35 291 208 118 180 71 -0.015798306
669 858 82 222 7 263 2 264 -0.015843818
309 898 35 291 208 118 38 71 -0.016024213
309 898 35 291 208 118 38 71 -0.016093334
669 889 82 222 208 263 180 264 -0.016097546
309 898 253 291 243 177 38 71 -0.016130604
309 858 253 222 243 177 2 71 -0.016148679
Mejor: 309 898 35 291 208 118 38 71 -0.013900648

-------------------------------------------------
GENERACIÓN 24
669 858 82 222 7 263 2 264 -0.013361742
309 898 35 291 208 118 38 71 -0.013900648
669 858 82 222 7 263 2 264 -0.013935904
309 898 253 291 243 177 38 71 -0.0140547715
309 898 253 60 243 177 38 71 -0.014597311
669 858 82 222 7 263 2 264 -0.014809015
669 858 82 222 7 263 2 264 -0.01495389
669 858 82 222 7 263 2 264 -0.015385841
309 898 253 60 243 177 38 71 -0.015457445
669 858 82 222 7 263 2 264 -0.015642611
646 889 35 291 208 118 180 71 -0.015798306
669 858 82 222 7 263 2 264 -0.015843818
309 898 35 291 208 118 38 71 -0.016024213
309 898 35 291 208 118 38 71 -0.016093334
669 889 82 222 208 263 180 264 -0.016097546
309 898 253 291 243 177 38 71 -0.016130604
Mejor: 669 858 82 222 7 263 2 264 -0.013361742

-------------------------------------------------
GENERACIÓN 25
669 858 82 222 7 263 2 264 -0.013342085
669 858 82 222 7 263 2 264 -0.013361742
309 898 35 291 208 118 38 71 -0.013900648
669 858 82 222 7 263 2 264 -0.013935904
309 898 253 291 243 177 38 71 -0.0140547715
309 898 253 60 243 177 38 71 -0.014597311
669 858 82 222 7 263 2 264 -0.014809015
669 858 82 222 7 263 2 264 -0.01495389
669 858 82 222 7 263 2 264 -0.015385841
309 898 253 60 243 177 38 71 -0.015457445
669 858 82 222 7 263 2 264 -0.015642611
646 889 35 291 208 118 180 71 -0.015798306
669 858 82 222 7 263 2 264 -0.015843818
309 898 35 291 208 118 38 71 -0.016024213
309 898 35 291 208 118 38 71 -0.016093334
669 889 82 222 208 263 180 264 -0.016097546
Mejor: 669 858 82 222 7 263 2 264 -0.013342085

-------------------------------------------------
GENERACIÓN 26
669 858 82 222 7 263 2 264 -0.013342085
669 858 82 222 7 263 2 264 -0.013361742
309 898 35 291 208 118 38 71 -0.013900648
669 858 82 222 7 263 2 264 -0.013935904
309 898 253 291 243 177 38 71 -0.0140547715
309 898 253 291 243 177 38 71 -0.014502023
309 898 253 60 243 177 38 71 -0.014597311
669 858 82 222 7 263 2 264 -0.014809015
669 858 82 222 7 263 2 264 -0.01495389
669 858 82 222 7 263 2 264 -0.015385841
309 898 253 60 243 177 38 71 -0.015457445
669 858 82 222 7 263 2 264 -0.015642611
646 889 35 291 208 118 180 71 -0.015798306
669 858 82 222 7 263 2 264 -0.015843818
309 898 35 291 208 118 38 71 -0.016024213
309 898 35 291 208 118 38 71 -0.016093334
Mejor: 669 858 82 222 7 263 2 264 -0.013342085

-------------------------------------------------
GENERACIÓN 27
669 858 82 222 7 263 2 264 -0.013342085
669 858 82 222 7 263 2 264 -0.013361742
309 898 253 60 243 177 38 71 -0.013764728
309 898 35 291 208 118 38 71 -0.013900648
669 858 82 222 7 263 2 264 -0.013935904
309 898 253 291 243 177 38 71 -0.0140547715
309 898 253 291 243 177 38 71 -0.014502023
309 898 253 60 243 177 38 71 -0.014597311
669 858 82 222 7 263 2 264 -0.014809015
669 858 82 222 7 263 2 264 -0.01495389
669 858 82 222 7 263 2 264 -0.015385841
309 898 253 60 243 177 38 71 -0.015457445
669 858 82 222 7 263 2 264 -0.015642611
646 889 35 291 208 118 180 71 -0.015798306
669 858 82 222 7 263 2 264 -0.015843818
309 898 35 291 208 118 38 71 -0.016024213
Mejor: 669 858 82 222 7 263 2 264 -0.013342085

-------------------------------------------------
GENERACIÓN 28
669 858 82 222 7 263 2 264 -0.013342085
669 858 82 222 7 263 2 264 -0.013361742
309 898 253 60 243 177 38 71 -0.013764728
309 898 35 291 208 118 38 71 -0.013900648
669 858 82 222 7 263 2 264 -0.013935904
309 898 253 291 243 177 38 71 -0.0140547715
309 898 253 291 243 177 38 71 -0.014502023
309 898 253 60 243 177 38 71 -0.014597311
309 858 82 291 208 118 38 71 -0.014601764
669 858 82 222 7 263 2 264 -0.014809015
669 858 82 222 7 263 2 264 -0.01495389
669 858 82 222 7 263 2 264 -0.015385841
309 898 253 60 243 177 38 71 -0.015457445
669 858 82 222 7 263 2 264 -0.015642611
646 889 35 291 208 118 180 71 -0.015798306
669 858 82 222 7 263 2 264 -0.015843818
Mejor: 669 858 82 222 7 263 2 264 -0.013342085

-------------------------------------------------
GENERACIÓN 29
669 858 82 222 7 263 2 264 -0.013342085
669 858 82 222 7 263 2 264 -0.013361742
309 898 253 60 243 177 38 71 -0.013764728
309 898 35 291 208 118 38 71 -0.013900648
669 858 82 222 7 263 2 264 -0.013935904
309 898 253 291 243 177 38 71 -0.0140547715
309 898 253 291 243 177 38 71 -0.014502023
309 898 253 60 243 177 38 71 -0.014597311
309 858 82 291 208 118 38 71 -0.014601764
669 858 82 222 7 263 2 264 -0.014809015
669 858 82 222 7 263 2 264 -0.01495389
669 858 82 222 7 263 2 264 -0.015385841
309 898 253 60 243 177 38 71 -0.015457445
669 858 82 222 7 263 2 264 -0.015642611
646 889 35 291 208 118 180 71 -0.015798306
669 858 82 222 7 263 2 264 -0.015843818
Mejor: 669 858 82 222 7 263 2 264 -0.013342085

-------------------------------------------------
GENERACIÓN 30
669 858 82 222 7 263 2 264 -0.013342085
669 858 82 222 7 263 2 264 -0.013361742
309 898 253 60 243 177 38 71 -0.013764728
309 898 35 291 208 118 38 71 -0.013900648
669 858 82 222 7 263 2 264 -0.013935904
309 898 253 291 243 177 38 71 -0.0140547715
309 898 35 60 208 118 38 71 -0.014286026
309 898 253 291 243 177 38 71 -0.014502023
309 898 253 60 243 177 38 71 -0.014597311
309 858 82 291 208 118 38 71 -0.014601764
669 858 82 222 7 263 2 264 -0.014809015
669 858 82 222 7 263 2 264 -0.01495389
669 858 82 222 7 263 2 264 -0.015385841
309 898 253 60 243 177 38 71 -0.015457445
669 858 82 222 7 263 2 264 -0.015642611
646 889 35 291 208 118 180 71 -0.015798306
Mejor: 669 858 82 222 7 263 2 264 -0.013342085

-------------------------------------------------
