GENERACIÓN 0
110 372 54 245 225 196 293 217 -1996823.0
465 823 11 180 115 211 81 33 -3269326.8
248 815 155 277 280 68 87 108 -4383095.5
244 522 144 141 5 157 15 12 -4483913.5
887 887 237 149 65 6 144 204 -5236287.5
604 839 69 179 264 275 24 135 -5344993.5
101 217 172 128 87 71 294 183 -5666671.5
444 623 218 252 165 261 69 39 -6132665.5
131 945 28 281 123 237 235 20 -6212861.5
331 795 227 202 215 139 240 192 -6308132.0
272 539 134 101 116 269 247 84 -6448543.5
420 905 216 126 263 287 258 179 -6455420.0
618 660 270 152 148 112 36 245 -6767434.5
844 908 67 240 18 111 297 168 -6870593.5
263 530 225 58 173 246 269 76 -6934248.0
272 724 70 85 152 146 280 255 -7669602.0
Mejor: 110 372 54 245 225 196 293 217 -1996823.0

-------------------------------------------------
GENERACIÓN 1
101 217 172 252 165 71 69 183 -2519136.2
263 530 225 58 173 246 269 76 -2604901.8
131 795 28 202 123 139 240 192 -3687510.8
844 908 67 240 18 111 297 168 -4710327.0
331 945 227 281 215 237 235 20 -4920153.5
420 905 216 126 263 287 258 179 -4991812.5
248 815 144 141 5 68 15 12 -5339611.0
110 372 54 245 225 196 293 217 -5971562.5
618 660 270 152 148 112 36 245 -6090213.5
272 724 70 85 152 146 280 255 -6285167.5
272 539 134 101 116 269 247 84 -6442621.5
444 623 218 128 87 261 294 39 -6665150.0
244 522 155 277 280 157 87 108 -7033895.5
887 887 237 149 264 6 24 135 -7235185.5
465 823 11 180 115 211 81 33 -8371159.5
604 839 69 179 65 275 144 204 -8426787.0
Mejor: 110 372 54 245 225 196 293 217 -1996823.0

-------------------------------------------------
GENERACIÓN 2
244 887 237 277 264 6 24 135 -3562958.2
887 522 155 149 280 157 87 108 -3579557.2
618 660 270 152 148 112 36 245 -3804352.0
331 945 227 126 215 237 235 20 -4027718.8
272 724 70 85 152 146 280 255 -4071670.0
272 623 218 101 116 261 294 39 -4782184.5
101 530 172 58 165 246 269 183 -4959868.5
110 372 54 245 225 196 293 217 -5476759.5
844 795 28 240 123 111 297 168 -5603163.5
604 823 69 179 115 275 144 33 -5784944.0
263 217 225 252 173 71 69 76 -5878112.0
420 905 216 281 263 287 258 179 -6158686.5
248 815 144 141 5 68 15 12 -6214310.0
465 839 11 180 65 211 81 204 -6399112.5
131 908 67 202 18 139 240 192 -6401553.5
444 539 134 128 87 269 247 84 -7065695.5
Mejor: 110 372 54 245 225 196 293 217 -1996823.0

-------------------------------------------------
GENERACIÓN 3
420 217 216 252 263 71 258 76 -4280026.0
272 623 70 101 152 261 294 39 -4290647.0
101 530 172 58 165 246 269 183 -4570677.0
887 887 237 277 280 6 87 108 -4693188.0
465 815 144 141 65 68 81 204 -5112086.0
604 823 69 179 115 275 144 33 -5388192.0
248 839 11 180 5 211 15 12 -5599887.5
444 539 134 128 87 269 247 84 -5709377.5
263 905 225 281 173 287 69 179 -5721648.0
331 945 270 126 215 237 36 245 -5794872.0
844 795 28 240 123 111 297 168 -5809594.5
272 724 218 85 116 146 280 255 -5948038.5
131 908 67 202 18 139 240 192 -5963464.0
110 372 54 245 225 196 293 217 -6238023.5
618 660 227 152 148 112 235 20 -6782732.5
244 522 155 149 264 157 24 135 -8101789.5
Mejor: 110 372 54 245 225 196 293 217 -1996823.0

-------------------------------------------------
GENERACIÓN 4
110 372 67 202 18 139 240 192 -3105869.2
131 908 54 245 225 196 293 217 -4328888.0
331 945 270 281 173 237 69 179 -5156099.5
272 724 218 85 116 146 280 255 -5213323.5
618 522 227 149 264 157 235 20 -5348383.5
844 795 28 240 123 111 297 168 -5560432.0
604 823 69 179 115 275 144 33 -5816773.5
887 530 172 58 165 6 269 183 -5831840.5
444 539 134 128 87 269 247 84 -5867988.0
248 839 11 180 5 211 15 12 -5947146.5
101 887 237 277 280 246 87 108 -5998246.5
272 217 70 252 263 261 258 39 -6252760.0
244 660 155 152 148 112 24 135 -6434100.5
420 623 216 101 152 71 294 76 -6439633.5
465 815 144 141 65 68 81 204 -6710646.5
263 905 225 126 215 287 36 245 -7319356.0
Mejor: 110 372 54 245 225 196 293 217 -1996823.0

-------------------------------------------------
GENERACIÓN 5
420 623 216 101 152 71 294 76 -3573338.0
331 945 270 281 173 237 69 179 -4250455.0
444 539 134 128 87 269 247 84 -4594852.5
248 839 11 180 5 211 15 12 -4858723.0
110 908 54 202 18 196 293 217 -5023469.5
101 217 70 277 263 261 87 108 -5277550.5
844 795 28 240 123 111 297 168 -5643685.5
465 815 144 141 65 68 81 204 -5650277.5
604 823 69 58 115 6 269 183 -5742806.5
887 530 172 179 165 275 144 33 -6178595.5
244 660 155 152 148 112 24 135 -6441976.0
618 522 227 149 264 157 235 20 -6444254.5
131 372 67 245 225 139 240 192 -6466126.0
272 724 218 85 116 146 280 255 -6690373.5
272 887 237 252 280 246 258 39 -7328624.5
263 905 225 126 215 287 36 245 -7817084.0
Mejor: 110 372 54 245 225 196 293 217 -1996823.0

-------------------------------------------------
GENERACIÓN 6
618 522 227 149 264 157 235 20 -3176755.0
110 908 54 202 263 196 87 217 -3634592.0
101 217 70 277 18 261 293 108 -4767183.5
604 823 172 58 115 275 269 183 -4776455.0
263 887 225 126 215 287 36 39 -4802881.5
887 530 69 179 165 6 144 33 -5160340.5
465 815 144 240 65 111 297 204 -5492606.5
444 839 134 128 87 269 15 12 -5569242.0
244 660 155 152 148 112 24 135 -6396708.5
248 539 11 180 5 211 247 84 -6404494.5
272 724 218 85 225 139 280 255 -6515400.0
131 372 67 245 116 146 240 192 -6884362.5
272 905 237 252 280 246 258 245 -6930917.5
844 795 28 141 123 68 81 168 -7161656.0
331 945 270 281 173 237 69 179 -7224681.5
420 623 216 101 152 71 294 76 -7379850.5
Mejor: 110 372 54 245 225 196 293 217 -1996823.0

-------------------------------------------------
GENERACIÓN 7
101 217 70 277 18 261 293 108 -3682503.0
272 724 218 85 225 139 280 255 -3810065.2
263 530 69 179 215 6 144 33 -3925896.8
465 839 134 240 87 269 15 204 -4843953.5
272 905 237 252 280 246 258 245 -4853947.0
420 945 216 101 173 71 294 179 -5485200.5
604 823 172 58 115 275 269 183 -5556381.5
444 815 144 128 65 111 297 12 -5752285.5
110 908 54 202 263 196 87 217 -5971854.5
248 539 11 152 148 211 24 84 -5987660.0
244 660 155 180 5 112 247 135 -6041928.0
887 887 225 126 165 287 36 39 -6187221.5
844 795 28 141 123 68 81 168 -6471772.0
331 623 270 281 152 237 69 76 -6579221.5
131 372 67 245 116 146 240 192 -6792677.5
618 522 227 149 264 157 235 20 -7054874.5
Mejor: 110 372 54 245 225 196 293 217 -1996823.0

-------------------------------------------------
GENERACIÓN 8
272 724 218 85 225 139 280 255 -3699607.8
244 660 225 126 5 112 36 39 -4903635.5
604 815 144 58 115 111 297 183 -5024696.5
844 623 270 141 123 237 81 168 -5453974.0
272 905 237 252 173 246 294 179 -5532837.5
110 908 54 152 148 211 87 84 -5591493.5
101 217 70 277 18 261 293 108 -5730812.0
444 823 172 128 65 275 269 12 -5784812.0
420 945 216 101 280 71 258 245 -5862140.5
618 522 67 245 116 157 240 192 -6017022.5
131 372 227 149 264 146 235 20 -6160871.5
331 795 28 281 152 68 69 76 -6232339.5
263 530 69 179 215 6 144 33 -6319957.5
887 887 155 180 165 287 247 135 -6568793.5
248 539 11 202 263 196 24 217 -6859888.0
465 839 134 240 87 269 15 204 -7035489.5
Mejor: 110 372 54 245 225 196 293 217 -1996823.0

-------------------------------------------------
GENERACIÓN 9
331 795 28 281 152 68 69 76 -2426401.8
618 945 216 245 116 157 240 245 -3185770.0
420 522 67 101 280 71 258 192 -3506225.0
248 839 134 202 87 269 24 217 -3903662.0
844 623 270 58 123 111 297 183 -4390510.5
272 905 54 152 173 246 87 179 -4968737.5
887 530 155 179 215 287 144 33 -5185330.5
272 724 218 85 225 139 280 255 -5864124.0
110 908 237 252 148 211 294 84 -6181563.5
244 660 225 126 5 112 36 39 -6201968.0
604 815 144 141 115 237 81 168 -6660646.5
444 217 172 277 18 275 293 108 -6688212.5
131 372 227 149 264 146 235 20 -6693776.5
263 887 69 180 165 6 247 135 -6954822.5
101 823 70 128 65 261 269 12 -7057271.5
465 539 11 240 263 196 15 204 -7281974.5
Mejor: 110 372 54 245 225 196 293 217 -1996823.0

-------------------------------------------------
GENERACIÓN 10
420 839 134 202 280 269 24 192 -3565264.8
244 908 225 126 5 112 36 84 -3751570.0
331 795 28 281 152 68 69 76 -4130900.2
110 660 237 252 148 211 294 39 -4317247.5
444 217 172 277 18 275 293 108 -4709802.0
131 887 227 180 264 146 235 135 -5361386.5
272 905 54 152 173 246 87 179 -5937485.5
604 815 144 141 115 237 81 168 -5943586.0
272 724 218 85 225 139 280 255 -5973544.5
248 522 67 101 87 71 258 217 -6007170.5
618 945 216 245 116 157 240 245 -6214061.5
101 823 70 128 65 261 269 12 -6311620.0
263 372 69 149 165 6 247 20 -6617451.5
844 623 270 58 123 111 297 183 -7008393.5
887 530 155 179 215 287 144 33 -7403526.0
465 539 11 240 263 196 15 204 -8365602.5
Mejor: 110 372 54 245 225 196 293 217 -1996823.0

-------------------------------------------------
GENERACIÓN 11
110 795 28 281 148 68 69 76 89977.664
604 905 54 141 173 246 87 179 -4660133.5
331 660 237 252 152 211 294 39 -5218387.0
248 522 67 101 225 139 280 217 -5271432.0
618 945 216 245 116 157 240 245 -5562861.5
101 823 70 128 65 261 269 12 -5622824.0
272 815 144 152 115 237 81 168 -5840645.5
465 530 155 179 215 196 144 33 -5902291.5
131 887 227 180 264 146 235 135 -6074376.5
420 839 225 126 280 112 36 84 -6168672.5
887 539 11 240 263 287 15 204 -6180176.0
263 372 69 149 165 6 247 20 -6378678.5
244 908 134 202 5 269 24 192 -6723532.5
272 724 218 85 87 71 258 255 -6896769.5
444 217 172 277 18 275 293 108 -7166824.0
844 623 270 58 123 111 297 183 -7369902.0
Mejor: 110 795 28 281 148 68 69 76 89977.664

-------------------------------------------------
GENERACIÓN 12
887 539 11 149 165 287 15 20 -3742143.0
244 724 134 85 5 71 24 255 -4115786.8
272 530 155 179 115 237 81 33 -4672515.5
444 623 172 277 123 111 293 183 -4775257.5
263 372 69 240 263 6 247 204 -4963409.5
331 522 67 101 225 139 294 217 -5005798.0
465 815 144 152 215 196 144 168 -5513036.0
110 795 28 281 148 68 69 76 -5745190.5
618 945 216 245 116 157 240 245 -5746250.5
604 905 54 141 173 246 87 179 -5851386.5
101 823 70 128 65 261 269 12 -6002196.0
248 660 237 252 152 211 280 39 -6007429.5
844 217 270 58 18 275 297 108 -6115985.5
131 887 227 180 264 146 235 135 -6355709.5
420 839 225 126 280 112 36 84 -6919560.0
272 908 218 202 87 269 258 192 -8114020.5
Mejor: 110 795 28 281 148 68 69 76 89977.664

-------------------------------------------------
GENERACIÓN 13
465 815 144 152 148 196 144 168 -4223337.5
420 839 225 126 280 112 36 84 -4378554.5
272 908 218 202 87 269 258 192 -4538914.5
444 530 155 179 115 237 81 183 -4642956.0
101 823 70 128 65 261 269 12 -4661849.5
248 660 237 252 152 211 280 39 -4731407.5
331 522 67 101 225 139 294 217 -5061320.5
131 887 227 180 18 146 297 135 -5480064.0
263 372 69 240 263 6 247 204 -5888176.0
110 795 28 281 215 68 69 76 -6004122.5
604 905 216 141 116 157 87 179 -6221996.0
244 724 134 85 5 71 24 255 -6240024.0
844 217 270 58 264 275 235 108 -6258912.0
272 623 172 277 123 111 293 33 -6446832.0
887 539 11 149 165 287 15 20 -6669580.0
618 945 54 245 173 246 240 245 -6943314.5
Mejor: 110 795 28 281 148 68 69 76 89977.664

-------------------------------------------------
GENERACIÓN 14
444 530 155 179 115 237 81 183 -3533382.0
420 839 225 126 280 112 144 84 -3804555.2
604 905 134 141 5 71 24 255 -4626728.5
272 908 218 202 87 269 258 192 -5042863.5
110 372 28 281 263 6 69 204 -5611926.5
844 217 172 277 264 275 293 33 -5628721.5
263 795 69 240 215 68 247 76 -5866397.5
272 623 270 58 123 111 235 108 -6129977.5
244 724 216 85 116 157 87 179 -6147258.5
618 945 11 245 165 287 15 20 -6412146.5
101 823 70 128 65 261 269 12 -6439474.5
887 539 54 149 173 246 240 245 -6536232.0
331 522 67 101 225 139 294 217 -6582718.5
248 660 237 252 152 211 280 39 -6731642.0
131 887 227 180 18 146 297 135 -7016292.0
465 815 144 152 148 196 36 168 -7299982.5
Mejor: 110 795 28 281 148 68 69 76 89977.664

-------------------------------------------------
GENERACIÓN 15
244 724 216 85 165 157 87 20 -2935572.8
331 522 67 101 225 139 294 217 -3216551.2
604 905 134 141 5 71 24 255 -3374512.2
844 372 28 281 263 6 293 204 -3731915.2
887 823 70 128 65 261 269 245 -3956673.2
248 660 237 252 152 211 280 39 -4093599.0
444 530 155 179 115 237 81 183 -4376556.0
618 945 11 245 116 287 15 179 -5257760.5
465 887 144 180 148 196 297 135 -5495378.0
263 795 69 240 123 68 235 108 -5552577.5
272 623 270 58 215 111 247 76 -5745061.5
101 539 54 149 173 246 240 12 -5790641.5
420 839 225 126 280 112 144 84 -5869298.0
131 815 227 152 18 146 36 168 -6172470.5
110 217 172 277 264 275 69 33 -6559964.5
272 908 218 202 87 269 258 192 -6716509.5
Mejor: 110 795 28 281 148 68 69 76 89977.664

-------------------------------------------------
GENERACIÓN 16
110 217 172 277 264 275 69 33 -3089067.2
331 522 67 101 225 139 294 217 -3097958.2
604 905 134 141 5 71 24 255 -3479142.8
844 372 28 281 263 6 293 204 -3806092.0
101 539 270 58 215 246 247 76 -4163610.0
272 623 54 149 173 111 240 12 -4247830.5
465 887 144 240 123 68 235 108 -5213247.0
272 908 218 202 87 269 258 192 -5307915.5
887 823 70 128 65 261 269 245 -5333776.5
444 530 155 179 115 237 81 183 -5546267.5
263 795 69 180 148 196 297 135 -5791614.5
420 815 225 152 280 146 144 168 -6373586.5
618 945 11 245 116 287 15 179 -6461460.0
131 839 227 126 18 112 36 84 -6675338.0
244 724 216 85 165 157 87 20 -6730659.5
248 660 237 252 152 211 280 39 -6794662.5
Mejor: 110 795 28 281 148 68 69 76 89977.664

-------------------------------------------------
GENERACIÓN 17
248 724 216 85 152 211 87 20 -4068561.2
420 815 225 152 148 196 144 168 -4353076.5
272 908 218 202 87 269 258 192 -4826286.0
101 539 270 58 215 246 247 76 -4944539.5
110 217 172 277 264 275 69 33 -5003891.5
244 660 237 252 165 157 280 39 -5032061.5
465 887 144 240 123 68 235 108 -5644498.0
272 623 54 149 173 111 240 12 -5989876.5
131 839 227 126 18 112 36 84 -6091044.5
604 905 28 281 263 6 24 204 -6150017.5
618 945 11 245 116 287 15 179 -6287457.5
887 823 70 128 65 261 269 245 -6307870.5
444 530 155 179 115 237 81 183 -6622893.5
263 795 69 180 280 146 297 135 -6847517.5
844 372 134 141 5 71 293 255 -6936466.5
331 522 67 101 225 139 294 217 -7287484.5
Mejor: 110 795 28 281 148 68 69 76 89977.664

-------------------------------------------------
GENERACIÓN 18
244 660 172 277 264 157 280 33 -3707994.0
131 839 227 126 18 112 36 84 -4428797.5
263 530 155 180 280 237 297 135 -4438765.5
272 623 54 149 173 111 240 12 -4595210.5
101 908 270 202 215 269 258 192 -4601727.5
248 724 216 85 152 211 87 20 -4693496.5
331 522 67 101 225 71 293 217 -5373773.5
887 823 11 245 116 261 269 179 -5592190.0
844 372 134 141 5 139 294 255 -5595485.5
110 217 237 252 165 275 69 39 -5640119.5
272 539 218 58 87 246 247 76 -5927721.5
465 887 144 240 123 68 235 108 -5973252.0
604 905 28 281 263 6 24 204 -6407566.5
420 815 225 152 148 196 144 168 -6609152.0
444 795 69 179 115 146 81 183 -6673614.5
618 945 70 128 65 287 15 245 -6819898.5
Mejor: 110 795 28 281 148 68 69 76 89977.664

-------------------------------------------------
GENERACIÓN 19
131 660 227 277 18 112 280 33 -4155706.2
272 623 54 149 173 111 240 12 -4831988.5
101 908 270 202 215 269 258 20 -5225820.5
331 823 67 101 225 71 269 217 -5299958.5
248 724 216 85 152 211 87 192 -5400367.5
420 815 225 152 263 6 144 204 -5646784.0
110 372 237 252 165 275 294 255 -5670406.5
887 522 11 245 116 261 293 179 -5673836.0
244 839 172 126 264 157 36 84 -5695302.5
272 539 218 58 87 246 247 76 -6013168.5
618 945 70 128 65 287 15 245 -6087528.5
465 887 144 240 123 68 235 108 -6131339.5
263 530 155 180 280 237 297 135 -6416104.0
844 217 134 141 5 139 69 39 -6770606.0
444 795 69 179 115 146 81 183 -6800417.5
604 905 28 281 148 196 24 168 -6865515.5
Mejor: 110 795 28 281 148 68 69 76 89977.664

-------------------------------------------------
GENERACIÓN 20
244 839 172 126 264 157 36 84 -5002304.0
618 945 70 128 65 287 15 245 -5053164.0
110 372 237 252 165 275 294 255 -5453060.0
248 724 216 85 152 211 87 192 -5614186.5
272 660 227 149 18 112 280 12 -5704174.0
420 815 225 152 263 6 144 204 -5841181.5
263 217 155 180 280 237 69 39 -5880090.5
331 823 67 101 225 71 269 217 -5982053.5
101 908 270 202 215 269 258 20 -6240268.0
131 623 54 277 173 111 240 33 -6338834.0
465 887 144 240 123 68 235 108 -6541150.5
604 905 28 179 115 146 81 183 -6541449.5
444 795 69 281 148 196 24 168 -6715716.5
272 539 218 58 87 246 247 76 -6765181.5
887 522 11 245 116 261 293 179 -7462620.5
844 530 134 141 5 139 297 135 -7500312.0
Mejor: 110 795 28 281 148 68 69 76 89977.664

-------------------------------------------------
