GENERACIÓN 0
313 863 77 225 171 54 202 205 688517.8
256 274 172 126 53 104 127 265 -193963.83
779 866 3 68 258 67 23 138 -348853.16
589 628 183 251 200 258 44 61 -990962.3
559 849 174 190 89 126 143 81 -1207865.9
371 386 281 256 86 189 207 91 -1263907.1
891 905 14 29 104 14 119 70 -1443422.0
726 798 66 26 251 176 175 3 -1929231.4
81 732 107 242 105 294 123 111 -2105321.5
868 942 63 204 26 56 222 267 -2115708.5
833 949 280 83 111 221 93 155 -2308460.2
751 760 47 174 167 205 273 295 -2489104.8
502 842 60 95 221 41 95 75 -2605286.2
824 831 174 14 271 10 124 60 -3171992.8
930 936 134 138 122 17 233 179 -3660453.0
285 598 58 283 185 291 55 123 -3966288.8
Mejor: 313 863 77 225 171 54 202 205 688517.8

-------------------------------------------------
GENERACIÓN 1
313 863 77 225 171 54 202 205 688517.8
313 863 281 256 171 54 202 205 74933.664
891 905 14 29 53 14 127 265 -192828.5
256 274 172 126 53 104 127 265 -193963.83
779 866 3 68 258 67 23 138 -348853.16
779 866 3 68 258 67 23 138 -353740.0
256 274 172 126 53 104 127 265 -616151.3
891 905 14 29 104 14 119 70 -780994.3
313 863 77 225 171 54 202 205 -810682.0
371 386 77 225 86 189 207 91 -823208.3
313 866 77 68 258 67 23 205 -983579.7
589 628 183 251 200 258 44 61 -990962.3
891 905 14 29 104 14 119 70 -1159978.4
559 849 174 190 89 126 143 81 -1207865.9
726 798 66 26 251 176 175 3 -1256333.1
371 386 281 256 86 189 207 91 -1263907.1
Mejor: 313 863 77 225 171 54 202 205 688517.8

-------------------------------------------------
GENERACIÓN 2
313 863 77 225 171 54 202 205 688517.8
313 863 281 256 171 54 202 205 74933.664
891 905 14 29 53 14 127 265 -192828.5
256 274 172 126 53 104 127 265 -193963.83
313 863 77 225 171 54 202 205 -221498.67
256 274 172 126 53 104 127 265 -261802.17
779 866 3 68 258 67 23 138 -348853.16
779 866 3 68 258 67 23 138 -353740.0
256 274 172 126 53 104 127 265 -616151.3
779 866 77 68 258 67 23 138 -715537.0
891 905 14 29 104 14 119 70 -780994.3
313 863 77 225 171 54 202 205 -810682.0
371 386 77 225 86 189 207 91 -823208.3
313 863 77 225 171 54 202 205 -866943.7
313 866 77 68 258 67 23 205 -983579.7
589 628 183 251 200 258 44 61 -990962.3
Mejor: 313 863 77 225 171 54 202 205 688517.8

-------------------------------------------------
GENERACIÓN 3
313 863 77 225 171 54 202 205 688517.8
313 863 281 256 171 54 202 205 74933.664
313 863 77 225 171 54 202 205 -134379.17
891 905 14 29 53 14 127 265 -192828.5
256 274 172 126 53 104 127 265 -193963.83
313 863 77 225 171 54 202 205 -221498.67
256 274 172 126 53 104 127 265 -261802.17
891 905 172 126 104 14 127 265 -311732.0
779 866 3 68 258 67 23 138 -348853.16
779 866 3 68 258 67 23 138 -353740.0
256 274 172 126 53 104 127 265 -616151.3
779 866 77 68 258 67 23 138 -715537.0
891 905 14 29 104 14 119 70 -780994.3
779 866 172 126 258 67 127 265 -786467.5
256 274 77 68 53 104 23 138 -794575.3
313 863 77 225 171 54 202 205 -810682.0
Mejor: 313 863 77 225 171 54 202 205 688517.8

-------------------------------------------------
GENERACIÓN 4
313 863 77 225 171 54 202 205 688517.8
313 863 281 256 171 54 202 205 74933.664
313 863 77 225 171 54 202 205 -134379.17
256 863 172 126 171 104 202 205 -155553.83
891 905 14 29 53 14 127 265 -192828.5
256 274 172 126 53 104 127 265 -193963.83
313 863 77 225 171 54 202 205 -221498.67
256 274 172 126 53 104 127 265 -261802.17
891 905 172 126 104 14 127 265 -311732.0
779 866 3 68 258 67 23 138 -348853.16
779 866 3 68 258 67 23 138 -353740.0
891 905 14 29 53 14 127 265 -386333.0
779 866 172 126 258 67 127 265 -424311.0
313 863 281 68 258 67 202 138 -568145.5
256 274 172 126 53 104 127 265 -616151.3
779 866 77 68 258 67 23 138 -715537.0
Mejor: 313 863 77 225 171 54 202 205 688517.8

-------------------------------------------------
GENERACIÓN 5
313 863 77 225 171 54 202 205 688517.8
313 863 281 256 171 54 202 205 421612.84
313 863 281 256 171 54 202 205 74933.664
313 863 77 225 171 54 202 205 5410.5
313 863 77 225 171 54 202 205 -134379.17
256 863 172 126 171 104 202 205 -155553.83
891 905 14 29 53 14 127 265 -192828.5
256 274 172 126 53 104 127 265 -193963.83
313 863 77 225 171 54 202 205 -221498.67
256 274 172 126 53 104 127 265 -261802.17
891 905 172 126 104 14 127 265 -311732.0
891 905 172 126 53 14 127 265 -316197.34
779 866 3 68 258 67 23 138 -348853.16
779 866 3 68 258 67 23 138 -353740.0
891 905 14 29 53 14 127 265 -386333.0
779 866 172 126 258 67 127 265 -424311.0
Mejor: 313 863 77 225 171 54 202 205 688517.8

-------------------------------------------------
GENERACIÓN 6
313 863 77 225 171 54 202 205 688517.8
313 863 281 256 171 54 202 205 421612.84
313 863 281 256 171 54 202 205 74933.664
313 863 77 225 171 54 202 205 5410.5
313 863 77 225 171 54 202 205 -134379.17
256 863 172 126 171 104 202 205 -155553.83
891 905 14 29 53 14 127 265 -192828.5
256 274 172 126 53 104 127 265 -193963.83
313 863 77 225 171 54 202 205 -221498.67
256 274 172 126 53 104 127 265 -261802.17
891 905 172 126 104 14 127 265 -311732.0
891 905 172 126 53 14 127 265 -316197.34
779 866 3 68 258 67 23 138 -348853.16
779 866 3 68 258 67 23 138 -353740.0
891 905 14 29 53 14 127 265 -386333.0
779 866 172 126 258 67 127 265 -424311.0
Mejor: 313 863 77 225 171 54 202 205 688517.8

-------------------------------------------------
GENERACIÓN 7
256 863 172 225 53 54 202 265 884640.8
256 863 172 225 53 54 202 265 884640.8
313 863 281 256 171 54 202 205 421612.84
256 863 172 126 171 104 202 205 110587.5
313 863 281 256 171 54 202 205 74933.664
313 863 77 225 171 54 202 205 5410.5
313 863 77 225 171 54 202 205 -134379.17
256 863 172 126 171 104 202 205 -155553.83
891 905 14 29 53 14 127 265 -192828.5
256 274 172 126 53 104 127 265 -193963.83
313 863 77 225 171 54 202 205 -221498.67
256 274 172 126 53 104 127 265 -261802.17
891 905 172 126 104 14 127 265 -311732.0
891 905 172 126 53 14 127 265 -316197.34
779 866 3 68 258 67 23 138 -348853.16
779 866 3 68 258 67 23 138 -353740.0
Mejor: 256 863 172 225 53 54 202 265 884640.8

-------------------------------------------------
GENERACIÓN 8
256 863 172 225 53 54 202 265 884640.8
256 863 172 225 53 54 202 265 884640.8
313 863 281 256 171 54 202 205 421612.84
313 863 77 225 171 54 202 205 124114.664
256 863 172 126 171 104 202 205 110587.5
313 863 281 256 171 54 202 205 74933.664
313 863 77 225 171 54 202 205 5410.5
313 863 77 225 171 54 202 205 -134379.17
256 863 172 126 171 104 202 205 -155553.83
891 905 14 29 53 14 127 265 -192828.5
256 274 172 126 53 104 127 265 -193963.83
313 863 77 225 171 54 202 205 -221498.67
256 274 172 126 53 104 127 265 -261802.17
891 905 172 126 104 14 127 265 -311732.0
891 905 172 126 53 14 127 265 -316197.34
779 866 3 68 258 67 23 138 -348853.16
Mejor: 256 863 172 225 53 54 202 265 884640.8

-------------------------------------------------
GENERACIÓN 9
256 863 172 225 53 54 202 265 884640.8
256 863 172 225 53 54 202 265 884640.8
313 863 281 256 171 54 202 205 421612.84
313 863 77 225 171 54 202 205 124114.664
256 863 172 126 171 104 202 205 110587.5
313 863 281 256 171 54 202 205 74933.664
313 863 77 225 171 54 202 205 5410.5
313 863 77 225 171 54 202 205 -134379.17
256 863 172 126 171 104 202 205 -155553.83
891 905 14 29 53 14 127 265 -192828.5
256 274 172 126 53 104 127 265 -193963.83
313 863 77 225 171 54 202 205 -221498.67
256 274 172 126 53 104 127 265 -261802.17
891 905 172 126 104 14 127 265 -311732.0
891 905 172 126 53 14 127 265 -316197.34
779 866 3 68 258 67 23 138 -348853.16
Mejor: 256 863 172 225 53 54 202 265 884640.8

-------------------------------------------------
GENERACIÓN 10
256 863 172 225 53 54 202 265 884640.8
256 863 172 225 53 54 202 265 884640.8
313 863 281 256 171 54 202 205 421612.84
256 863 172 225 171 104 202 205 165821.0
313 863 77 225 171 54 202 205 124114.664
256 863 172 126 171 104 202 205 110587.5
313 863 281 256 171 54 202 205 74933.664
313 863 77 225 171 54 202 205 5410.5
256 863 172 225 53 54 202 265 -126424.164
313 863 77 225 171 54 202 205 -134379.17
256 863 172 126 171 104 202 205 -155553.83
891 905 14 29 53 14 127 265 -192828.5
256 274 172 126 53 104 127 265 -193963.83
313 863 77 225 171 54 202 205 -221498.67
256 274 172 126 53 104 127 265 -261802.17
891 905 172 126 104 14 127 265 -311732.0
Mejor: 256 863 172 225 53 54 202 265 884640.8

-------------------------------------------------
GENERACIÓN 11
256 863 172 225 53 54 202 265 884640.8
256 863 172 225 53 54 202 265 884640.8
313 863 281 256 171 54 202 205 421612.84
256 274 172 126 171 104 202 205 411033.34
256 863 172 225 171 104 202 205 165821.0
313 863 77 225 171 54 202 205 124114.664
256 863 172 126 171 104 202 205 110587.5
313 863 281 256 171 54 202 205 74933.664
313 863 77 225 171 54 202 205 5410.5
256 863 172 225 53 54 202 265 -126424.164
313 863 77 225 171 54 202 205 -134379.17
256 863 172 126 171 104 202 205 -155553.83
256 863 281 225 53 54 202 205 -178632.67
891 905 14 29 53 14 127 265 -192828.5
256 274 172 126 53 104 127 265 -193963.83
313 863 77 225 171 54 202 205 -221498.67
Mejor: 256 863 172 225 53 54 202 265 884640.8

-------------------------------------------------
GENERACIÓN 12
256 863 172 225 53 54 202 265 884640.8
256 863 172 225 53 54 202 265 884640.8
313 863 281 256 171 54 202 205 421612.84
256 274 172 126 171 104 202 205 411033.34
256 863 172 225 171 104 202 205 165821.0
313 863 77 225 171 54 202 205 124114.664
256 863 172 126 171 104 202 205 110587.5
313 863 281 256 171 54 202 205 74933.664
313 863 77 225 171 54 202 205 5410.5
256 863 172 225 53 54 202 265 -126424.164
313 863 77 225 171 54 202 205 -134379.17
256 863 172 126 171 104 202 205 -155553.83
256 863 281 225 53 54 202 205 -178632.67
891 905 14 29 53 14 127 265 -192828.5
256 274 172 126 53 104 127 265 -193963.83
313 863 77 225 171 54 202 205 -221498.67
Mejor: 256 863 172 225 53 54 202 265 884640.8

-------------------------------------------------
GENERACIÓN 13
256 863 172 225 53 54 202 265 884640.8
256 863 172 225 53 54 202 265 884640.8
313 863 281 256 171 54 202 205 421612.84
256 274 172 126 171 104 202 205 411033.34
256 863 172 225 171 104 202 205 165821.0
313 863 77 225 171 54 202 205 124114.664
256 863 172 126 171 104 202 205 110587.5
313 863 281 256 171 54 202 205 74933.664
313 863 77 225 171 54 202 205 5410.5
256 863 172 225 53 54 202 265 -126424.164
313 863 77 225 171 54 202 205 -134379.17
313 863 77 225 171 54 202 205 -141439.83
256 863 172 126 171 104 202 205 -155553.83
256 863 281 225 53 54 202 205 -178632.67
891 905 14 29 53 14 127 265 -192828.5
256 274 172 126 53 104 127 265 -193963.83
Mejor: 256 863 172 225 53 54 202 265 884640.8

-------------------------------------------------
GENERACIÓN 14
256 863 172 225 53 54 202 265 884640.8
256 863 172 225 53 54 202 265 884640.8
313 863 281 256 171 54 202 205 421612.84
256 274 172 126 171 104 202 205 411033.34
256 863 172 225 171 104 202 205 165821.0
313 863 77 225 171 54 202 205 124114.664
256 863 172 225 171 104 202 205 117663.0
256 863 281 225 171 54 202 265 110664.0
256 863 172 126 171 104 202 205 110587.5
313 863 77 225 171 54 202 205 84397.336
313 863 281 256 171 54 202 205 74933.664
313 863 77 225 171 54 202 205 5410.5
256 863 172 225 53 54 202 265 -126424.164
313 863 77 225 171 54 202 205 -134379.17
313 863 77 225 171 54 202 205 -141439.83
256 863 172 126 171 104 202 205 -155553.83
Mejor: 256 863 172 225 53 54 202 265 884640.8

-------------------------------------------------
GENERACIÓN 15
256 863 172 225 53 54 202 265 884640.8
256 863 172 225 53 54 202 265 884640.8
256 863 172 225 171 54 202 265 461206.84
313 863 281 256 171 54 202 205 421612.84
256 274 172 126 171 104 202 205 411033.34
256 863 172 225 171 104 202 205 165821.0
313 863 77 225 171 54 202 205 124114.664
256 863 172 225 171 104 202 205 117663.0
256 863 281 225 171 54 202 265 110664.0
256 863 172 126 171 104 202 205 110587.5
313 863 77 225 171 54 202 205 84397.336
313 863 281 256 171 54 202 205 74933.664
313 863 77 225 171 54 202 205 5410.5
256 863 172 225 53 54 202 265 -126424.164
313 863 77 225 171 54 202 205 -134379.17
313 863 77 225 171 54 202 205 -141439.83
Mejor: 256 863 172 225 53 54 202 265 884640.8

-------------------------------------------------
GENERACIÓN 16
256 863 172 225 53 54 202 265 884640.8
256 863 172 225 53 54 202 265 884640.8
256 863 172 225 171 54 202 265 461206.84
313 863 281 256 171 54 202 205 421612.84
256 274 172 126 171 104 202 205 411033.34
256 863 172 225 171 104 202 205 165821.0
313 863 77 225 171 54 202 205 124114.664
256 863 172 225 171 104 202 205 117663.0
256 863 281 225 171 54 202 265 110664.0
256 863 172 126 171 104 202 205 110587.5
313 863 77 225 171 54 202 205 84397.336
313 863 281 256 171 54 202 205 74933.664
313 863 77 225 171 54 202 205 5410.5
256 863 172 225 53 54 202 265 -126424.164
313 863 77 225 171 54 202 205 -134379.17
313 863 77 225 171 54 202 205 -141439.83
Mejor: 256 863 172 225 53 54 202 265 884640.8

-------------------------------------------------
GENERACIÓN 17
256 863 172 225 53 54 202 265 884640.8
256 863 172 225 53 54 202 265 884640.8
256 863 172 225 171 54 202 265 461206.84
313 863 281 256 171 54 202 205 421612.84
256 274 172 126 171 104 202 205 411033.34
256 863 172 225 171 104 202 205 165821.0
313 863 77 225 171 54 202 205 124114.664
256 863 172 225 171 104 202 205 117663.0
256 863 281 225 171 54 202 265 110664.0
256 863 172 126 171 104 202 205 110587.5
313 863 77 225 171 54 202 205 84397.336
313 863 281 256 171 54 202 205 74933.664
313 863 77 225 171 54 202 205 5410.5
256 863 172 225 171 54 202 265 -72138.664
256 863 172 225 53 54 202 265 -126424.164
313 863 77 225 171 54 202 205 -134379.17
Mejor: 256 863 172 225 53 54 202 265 884640.8

-------------------------------------------------
GENERACIÓN 18
256 863 172 225 53 54 202 265 884640.8
256 863 172 225 53 54 202 265 884640.8
256 863 172 225 171 54 202 265 461206.84
313 863 281 256 171 54 202 205 421612.84
256 274 172 126 171 104 202 205 411033.34
256 863 172 225 171 104 202 205 165821.0
313 863 77 225 171 54 202 205 124114.664
256 863 172 225 171 104 202 205 117663.0
256 863 281 225 171 54 202 265 110664.0
256 863 172 126 171 104 202 205 110587.5
313 863 77 225 171 54 202 205 84397.336
313 863 281 256 171 54 202 205 74933.664
313 863 77 225 171 54 202 205 5410.5
256 863 172 225 171 54 202 265 -72138.664
256 863 172 225 53 54 202 265 -126424.164
313 863 77 225 171 54 202 205 -134379.17
Mejor: 256 863 172 225 53 54 202 265 884640.8

-------------------------------------------------
GENERACIÓN 19
256 863 172 225 53 54 202 265 884640.8
256 863 172 225 53 54 202 265 884640.8
256 863 172 225 171 54 202 265 461206.84
313 863 281 256 171 54 202 205 421612.84
256 274 172 126 171 104 202 205 411033.34
256 863 172 225 53 54 202 265 173961.83
256 863 172 225 171 104 202 205 165821.0
313 863 77 225 171 54 202 205 124114.664
256 863 172 225 171 104 202 205 117663.0
256 863 281 225 171 54 202 265 110664.0
256 863 172 126 171 104 202 205 110587.5
313 863 281 256 171 54 202 205 88796.664
313 863 77 225 171 54 202 205 84397.336
313 863 281 256 171 54 202 205 74933.664
313 863 77 225 171 54 202 205 5410.5
313 863 281 256 171 54 202 205 -54136.0
Mejor: 256 863 172 225 53 54 202 265 884640.8

-------------------------------------------------
GENERACIÓN 20
256 863 172 225 53 54 202 265 884640.8
256 863 172 225 53 54 202 265 884640.8
256 863 172 225 171 54 202 265 461206.84
313 863 281 256 171 54 202 205 421612.84
256 274 172 126 171 104 202 205 411033.34
256 863 172 225 53 54 202 265 173961.83
256 863 172 225 171 104 202 205 165821.0
313 863 77 225 171 54 202 205 124114.664
256 863 172 225 171 104 202 205 117663.0
256 863 281 225 171 54 202 265 110664.0
256 863 172 126 171 104 202 205 110587.5
313 863 281 256 171 54 202 205 88796.664
313 863 77 225 171 54 202 205 84397.336
313 863 281 256 171 54 202 205 74933.664
313 863 77 225 171 54 202 205 5410.5
313 863 281 256 171 54 202 205 -54136.0
Mejor: 256 863 172 225 53 54 202 265 884640.8

-------------------------------------------------
