GENERACIÓN 0
953 957 177 276 286 259 21 237 -3227819.0
215 461 6 285 296 3 168 291 -4134859.2
169 376 198 19 272 20 211 149 -4138688.2
320 734 111 166 89 118 60 144 -4593009.5
911 936 286 28 123 268 112 221 -5029045.5
282 857 158 228 209 219 141 76 -5080664.5
43 372 249 235 130 13 234 203 -5545422.0
563 783 170 34 287 180 68 64 -5766708.0
455 860 197 142 179 163 231 141 -5833013.5
225 313 261 262 242 268 202 23 -5894772.0
164 906 227 136 54 87 174 56 -6356900.0
435 866 57 126 80 116 245 254 -6370436.0
773 928 154 55 212 257 96 82 -6635015.5
408 745 52 175 228 115 214 197 -6657659.5
509 680 167 209 120 108 144 115 -6854578.0
326 371 293 41 267 185 105 258 -8935075.0
Mejor: 953 957 177 276 286 259 21 237 -3227819.0

-------------------------------------------------
GENERACIÓN 1
953 957 6 276 296 259 21 237 -3474349.8
455 860 197 142 179 163 231 141 -3590169.0
215 461 177 285 286 3 168 291 -4121665.2
320 734 111 166 89 118 60 144 -4495709.0
509 680 167 209 267 108 144 258 -4888222.5
164 906 227 136 54 87 174 56 -5390707.5
225 313 261 262 242 268 202 23 -5527876.0
773 928 154 175 228 257 96 197 -5634336.0
563 783 170 34 287 180 68 64 -5928149.5
435 866 57 126 80 116 245 254 -6099274.5
43 372 249 235 130 13 234 203 -6389319.5
169 376 198 19 272 20 211 149 -6402268.0
282 936 286 228 209 219 112 76 -6557057.5
326 371 293 41 120 185 105 115 -6564159.5
911 857 158 28 123 268 141 221 -7218089.5
408 745 52 55 212 115 214 82 -7413294.5
Mejor: 953 957 177 276 286 259 21 237 -3227819.0

-------------------------------------------------
GENERACIÓN 2
563 783 170 34 287 180 68 64 -3091308.0
215 461 177 285 286 3 168 291 -3604714.0
911 857 158 28 123 268 141 221 -3799195.0
773 928 154 175 228 257 96 197 -4423851.0
408 745 52 55 212 115 214 82 -4705142.0
455 860 197 142 296 163 231 141 -5050671.5
282 936 293 228 209 219 105 76 -5384460.5
435 866 57 126 80 116 245 254 -5411062.5
169 376 198 19 272 20 211 149 -5522300.0
320 734 111 166 89 118 60 144 -5575559.5
953 957 6 276 179 259 21 237 -5802620.5
509 906 167 209 267 87 174 56 -5990886.5
43 372 249 235 130 13 234 203 -6079386.0
164 680 227 136 54 108 144 258 -6190992.5
225 313 261 262 242 268 202 23 -6275352.0
326 371 286 41 120 185 112 115 -8052325.5
Mejor: 563 783 170 34 287 180 68 64 -3091308.0

-------------------------------------------------
GENERACIÓN 3
320 734 198 166 89 20 60 149 -4095196.0
773 857 154 28 123 268 141 221 -4248327.5
164 680 227 136 54 108 144 258 -4364512.5
408 860 52 142 212 115 231 82 -4569802.5
282 936 293 228 209 219 105 76 -5396049.0
455 745 197 55 296 163 214 141 -5445334.0
43 372 249 235 130 13 234 203 -5623030.5
326 371 286 41 120 185 112 115 -5978576.5
169 376 111 19 272 118 211 144 -6068588.0
225 313 261 262 242 268 202 23 -6103631.5
435 866 57 126 80 116 245 254 -6160756.0
911 928 158 175 228 257 96 197 -6292032.5
215 783 170 34 286 3 168 291 -6327192.0
509 957 6 209 267 259 174 56 -6357990.5
563 461 177 285 287 180 68 64 -6589028.5
953 906 167 276 179 87 21 237 -6824488.0
Mejor: 563 783 170 34 287 180 68 64 -3091308.0

-------------------------------------------------
GENERACIÓN 4
282 936 197 55 209 163 214 141 -768560.5
164 860 227 142 54 115 144 258 -3888043.0
215 783 170 34 286 3 168 291 -4250827.5
563 461 177 285 287 180 21 64 -4628852.0
169 313 261 19 272 268 202 23 -4649360.0
911 866 158 175 228 257 245 254 -5377545.5
435 928 57 126 80 116 96 197 -5717996.0
953 906 167 276 179 87 68 237 -5759747.5
455 745 293 228 296 219 105 76 -5773840.0
225 376 111 262 242 118 211 144 -5809608.0
43 372 249 235 130 13 234 203 -5873973.5
326 371 286 41 120 185 112 115 -5887507.5
773 857 154 28 123 268 141 221 -5900569.5
408 680 52 136 212 108 231 82 -5920658.0
320 734 198 166 89 20 60 149 -6181809.5
509 957 6 209 267 259 174 56 -7327102.5
Mejor: 282 936 197 55 209 163 214 141 -768560.5

-------------------------------------------------
GENERACIÓN 5
455 745 293 228 296 219 105 76 -3267545.8
326 372 286 235 120 13 112 115 -3469419.0
169 313 261 19 272 268 202 23 -3717801.0
435 906 57 126 179 87 96 197 -4360900.5
320 734 198 166 267 20 60 56 -4446334.5
773 857 52 28 123 108 231 221 -4923099.5
911 866 158 175 228 257 245 254 -5185761.5
282 936 197 55 54 163 144 258 -5217319.5
164 860 227 142 209 115 214 141 -5546773.5
225 376 111 262 242 118 211 144 -5705028.0
43 371 249 41 130 185 234 203 -5818102.5
563 783 177 34 286 3 21 291 -6714093.5
215 461 170 285 287 180 168 64 -7385244.5
953 928 167 276 80 116 68 237 -7672484.0
509 957 6 209 89 259 174 149 -8064328.0
408 680 154 136 212 268 141 82 -8560717.0
Mejor: 282 936 197 55 209 163 214 141 -768560.5

-------------------------------------------------
GENERACIÓN 6
164 860 111 262 242 118 214 141 -4257648.5
320 734 198 166 267 108 231 221 -4298898.5
911 936 197 175 228 163 144 254 -4646067.0
563 371 249 41 130 185 234 291 -4711112.0
326 372 286 235 120 13 112 115 -4722077.5
282 866 158 55 54 257 245 258 -4812929.5
509 680 6 136 212 268 141 82 -5160032.5
215 461 170 285 287 180 168 64 -5396291.0
773 857 52 28 123 20 60 56 -5468883.5
953 928 167 276 80 116 68 237 -5702714.5
408 957 154 209 89 259 174 149 -5965116.5
225 376 227 142 209 115 211 144 -6192966.5
435 313 261 19 272 87 96 197 -6663004.0
455 745 293 228 296 219 105 76 -6842438.5
169 906 57 126 179 268 202 23 -8398294.0
43 783 177 34 286 3 21 203 -9036811.0
Mejor: 282 936 197 55 209 163 214 141 -768560.5

-------------------------------------------------
GENERACIÓN 7
215 680 6 285 287 268 141 64 -4246827.5
455 745 293 228 296 219 105 76 -4264700.5
509 461 170 136 212 180 168 82 -4338781.5
435 313 261 19 272 87 96 197 -4514140.5
320 734 198 166 267 108 231 221 -5027032.0
169 906 57 126 179 268 202 23 -5137343.5
773 857 52 276 80 20 68 237 -5194352.5
408 957 227 142 89 115 174 144 -5341988.5
282 866 158 55 54 257 245 258 -5713845.5
326 372 286 235 120 13 112 115 -5756984.0
563 936 197 175 228 185 234 254 -5760726.5
225 376 154 209 209 259 211 149 -6086844.5
953 928 167 28 123 116 60 56 -6164425.5
911 371 249 41 130 163 144 291 -6324966.0
43 783 177 34 286 3 21 203 -6506037.5
164 860 111 262 242 118 214 141 -6845542.5
Mejor: 282 936 197 55 209 163 214 141 -768560.5

-------------------------------------------------
GENERACIÓN 8
326 372 286 235 54 13 245 258 -3958434.8
215 745 293 228 287 268 105 76 -4674613.5
953 371 249 41 130 116 60 291 -4883289.5
563 936 197 209 209 259 211 149 -5339880.5
169 734 57 166 267 108 231 23 -5565103.5
911 928 167 28 123 163 144 56 -5601044.0
282 866 158 55 120 257 112 115 -5711554.0
773 857 52 276 80 20 68 237 -5868190.5
509 313 261 19 272 87 96 82 -6244508.0
225 376 154 175 228 185 234 254 -6430615.5
320 906 198 126 179 268 202 221 -6582288.5
43 783 111 262 242 118 214 141 -6626859.5
455 680 6 285 296 219 141 64 -6735428.0
435 461 170 136 212 180 168 197 -7316090.5
164 860 177 34 286 3 21 203 -8391525.0
408 957 227 142 89 115 174 144 -8657772.0
Mejor: 282 936 197 55 209 163 214 141 -768560.5

-------------------------------------------------
GENERACIÓN 9
164 957 227 142 286 115 174 144 -3837422.8
911 928 167 28 123 163 144 56 -4251720.5
225 313 154 175 228 185 96 254 -4406454.0
455 680 6 285 296 219 141 64 -4601004.5
282 866 158 55 120 257 112 115 -5162780.0
953 371 249 41 130 116 60 291 -5252010.5
435 461 170 136 212 180 168 197 -5273151.5
773 857 52 276 80 20 68 237 -5759424.0
326 372 293 228 54 268 105 76 -5847012.0
169 734 57 166 267 108 231 23 -5858248.5
320 906 198 262 242 268 202 141 -5874713.5
43 783 111 126 179 118 214 221 -5915104.0
215 745 286 235 287 13 245 258 -6223728.0
408 860 177 34 89 3 21 203 -7122078.0
563 936 197 209 209 259 211 149 -7257932.0
509 376 261 19 272 87 234 82 -7441195.5
Mejor: 282 936 197 55 209 163 214 141 -768560.5

-------------------------------------------------
GENERACIÓN 10
320 906 198 262 179 268 202 141 -2054167.6
773 857 52 276 80 20 68 237 -3945196.2
455 313 6 175 296 219 141 254 -4464122.0
282 371 158 41 130 257 60 115 -4784914.0
169 372 293 166 267 108 231 76 -4812244.5
509 936 261 209 209 87 211 149 -5234579.5
225 680 154 285 228 185 96 64 -5618312.5
164 928 167 28 286 163 144 56 -5786702.0
911 957 227 142 123 115 174 144 -5808038.5
953 866 249 55 120 116 112 291 -5855217.5
435 461 170 136 212 180 168 197 -6045467.5
215 745 286 235 287 13 245 258 -6423447.5
326 734 57 228 54 268 105 23 -6660721.5
43 783 111 126 242 118 214 221 -6690570.5
563 376 197 19 272 259 234 82 -7083560.5
408 860 177 34 89 3 21 203 -7305466.5
Mejor: 282 936 197 55 209 163 214 141 -768560.5

-------------------------------------------------
GENERACIÓN 11
164 928 167 28 286 163 144 56 -2731381.0
773 857 52 276 80 20 68 237 -2879461.2
509 936 261 209 209 87 211 149 -4473886.5
455 371 158 175 130 257 60 115 -4595163.5
225 680 154 285 228 185 96 64 -5052866.5
326 783 57 228 54 118 214 23 -5400214.0
43 734 111 126 242 268 105 221 -5592212.5
408 860 177 34 89 259 234 203 -5822790.5
320 906 198 262 179 268 202 141 -5907782.5
953 866 249 55 120 116 112 291 -5911325.5
282 313 6 41 296 219 141 254 -5961031.5
911 957 227 142 123 115 174 144 -6208674.5
169 372 293 166 267 108 231 76 -6264478.0
435 745 170 235 287 13 168 197 -6993564.5
215 461 286 136 212 180 245 258 -7249353.5
563 376 197 19 272 3 21 82 -8038182.5
Mejor: 282 936 197 55 209 163 214 141 -768560.5

-------------------------------------------------
GENERACIÓN 12
773 928 167 28 80 163 144 237 -3135742.0
164 857 52 276 286 20 68 56 -3375521.2
435 745 170 235 287 13 168 197 -3737537.2
225 680 154 285 228 185 96 64 -4342415.0
43 734 111 34 242 259 234 221 -4545876.5
455 371 158 175 130 257 60 115 -4565437.5
408 860 177 126 89 268 105 203 -5335518.5
911 957 227 142 123 115 174 144 -5534908.5
563 376 197 19 272 3 21 82 -5862677.5
326 783 57 228 54 118 214 23 -6342562.5
320 866 198 262 179 116 202 141 -6382406.5
282 313 6 41 296 219 141 254 -6491738.5
953 906 249 55 120 268 112 291 -6886335.5
169 372 293 166 267 108 231 76 -7345589.5
215 461 286 136 212 180 245 258 -7616178.5
509 936 261 209 209 87 211 149 -7985286.5
Mejor: 282 936 197 55 209 163 214 141 -768560.5

-------------------------------------------------
GENERACIÓN 13
169 372 249 55 267 108 231 76 -3224574.2
953 906 293 166 120 268 112 291 -4499811.5
282 866 6 41 296 219 141 141 -4568192.5
455 734 111 175 130 257 60 115 -5562299.5
911 860 227 142 123 115 174 144 -5887754.5
225 680 154 285 228 185 96 64 -6045010.5
326 783 57 228 54 118 21 23 -6229187.5
320 313 198 262 179 116 202 254 -6293034.0
215 461 261 136 209 87 211 258 -6386645.5
773 928 167 28 80 163 144 237 -6468524.0
509 936 286 209 212 180 245 149 -6648210.0
563 376 197 19 272 3 214 82 -6686898.0
408 957 177 126 89 268 105 203 -6688028.0
164 857 52 276 286 20 68 56 -7210654.5
43 371 158 34 242 259 234 221 -7778158.5
435 745 170 235 287 13 168 197 -8236323.5
Mejor: 282 936 197 55 209 163 214 141 -768560.5

-------------------------------------------------
GENERACIÓN 14
773 928 261 28 80 87 144 258 -3989674.8
215 461 167 136 209 163 211 237 -4114180.0
43 745 170 235 242 259 168 197 -4194704.5
435 371 158 34 287 13 234 221 -4413786.0
911 680 227 142 123 185 96 144 -4818391.5
225 860 154 285 228 115 174 64 -4882857.0
164 857 52 126 286 268 105 56 -5009453.5
953 372 293 166 267 108 112 291 -5055343.5
169 906 249 55 120 268 231 76 -5194402.0
455 734 111 175 130 257 60 115 -5621098.0
408 957 177 276 89 20 68 203 -6118321.5
326 783 198 228 54 118 21 254 -6165918.0
320 313 57 262 179 116 202 23 -6426326.5
282 866 6 41 296 219 141 141 -7170368.5
563 376 197 209 212 3 214 82 -7330345.5
509 936 286 19 272 180 245 149 -8470898.0
Mejor: 282 936 197 55 209 163 214 141 -768560.5

-------------------------------------------------
GENERACIÓN 15
169 734 249 175 120 257 231 76 -4122646.8
225 860 227 285 123 115 174 64 -5302228.5
953 857 293 126 286 108 105 291 -5500666.5
773 461 261 28 209 87 211 258 -5509107.0
435 371 170 34 242 259 168 221 -5543448.0
911 680 154 142 228 185 96 144 -5572683.5
215 928 167 136 80 163 144 237 -5630616.5
455 906 111 55 130 268 60 115 -5787041.5
509 936 286 19 272 180 245 149 -5795989.5
164 372 52 166 267 268 112 56 -5960826.0
282 866 6 41 296 219 141 141 -6256492.5
326 957 198 276 89 118 68 203 -6531146.0
43 745 158 235 287 13 234 197 -6702084.5
408 783 177 228 54 20 21 254 -7114465.5
320 313 57 262 179 116 202 23 -7748712.0
563 376 197 209 212 3 214 82 -8484892.0
Mejor: 282 936 197 55 209 163 214 141 -768560.5

-------------------------------------------------
GENERACIÓN 16
911 680 170 34 242 185 96 144 -2630554.8
215 928 167 136 80 163 144 237 -4005012.2
225 860 227 285 123 115 174 64 -4379788.5
953 461 261 126 286 87 105 258 -5062652.0
320 376 57 262 179 116 214 23 -5252955.5
435 371 154 142 228 259 168 221 -5260680.5
773 857 293 28 209 108 211 291 -5399235.0
43 783 177 235 287 20 21 254 -5665705.5
455 906 111 55 130 268 60 115 -5824145.5
164 372 52 166 267 180 112 149 -5868069.5
326 957 198 276 89 118 68 203 -6086412.0
169 734 249 175 120 257 231 76 -6149246.0
563 313 197 209 212 3 202 82 -6170611.5
282 866 6 41 296 219 141 141 -6203788.5
509 936 286 19 272 268 245 56 -6644326.5
408 745 158 228 54 13 234 197 -6971787.5
Mejor: 282 936 197 55 209 163 214 141 -768560.5

-------------------------------------------------
GENERACIÓN 17
169 957 198 276 89 118 231 203 -2733132.0
320 376 57 262 179 116 214 23 -4134446.2
911 928 170 136 80 163 144 144 -4621121.5
225 860 227 285 286 87 105 258 -5159899.5
215 680 167 34 242 185 96 237 -5362592.5
282 866 197 209 212 3 202 82 -5388134.0
953 461 261 126 123 115 174 64 -5415031.0
455 906 52 55 267 180 60 149 -5639440.5
326 734 249 175 120 257 68 76 -5746513.5
773 783 177 235 287 108 211 291 -5798474.0
164 372 111 166 130 268 112 115 -5990098.5
509 936 158 228 272 13 234 56 -6151968.0
435 371 154 142 228 259 168 221 -6672500.0
408 745 286 19 54 268 245 197 -6708702.0
43 857 293 28 209 20 21 254 -7429658.0
563 313 6 41 296 219 141 141 -7836520.0
Mejor: 282 936 197 55 209 163 214 141 -768560.5

-------------------------------------------------
GENERACIÓN 18
320 957 57 276 179 116 214 203 -3306678.0
282 866 197 209 212 185 96 82 -4486726.5
911 928 227 285 286 87 105 258 -5039218.0
408 745 154 19 228 268 245 197 -5129291.5
435 371 286 142 54 259 168 221 -5334693.5
953 461 261 126 267 115 174 149 -5572692.0
563 857 6 28 296 219 141 141 -5748568.5
326 734 249 175 120 257 68 76 -5820310.5
169 376 198 262 89 118 231 23 -5965966.0
164 372 111 166 130 13 234 56 -6206914.0
215 680 167 34 242 3 202 237 -6425038.0
773 783 177 235 287 108 211 291 -6463199.5
225 860 170 136 80 163 144 144 -6656152.0
509 936 158 228 272 268 112 115 -6857038.5
43 313 293 41 209 20 21 254 -7417434.5
455 906 52 55 123 180 60 64 -8660101.0
Mejor: 282 936 197 55 209 163 214 141 -768560.5

-------------------------------------------------
GENERACIÓN 19
953 461 286 142 267 115 168 221 -838584.3
773 680 167 34 287 3 202 291 -3478821.2
509 860 158 228 80 268 112 144 -3740367.8
563 734 6 28 120 257 68 141 -4168603.8
169 376 111 262 130 13 234 23 -4481507.5
164 372 198 166 89 118 231 56 -4657780.5
911 745 227 285 228 87 105 258 -4723312.0
282 957 197 209 212 116 214 82 -5196515.5
408 928 154 19 286 268 245 197 -5332490.5
43 906 293 41 123 180 21 64 -6165111.5
225 936 170 136 272 163 144 115 -6224958.5
326 857 249 175 296 219 141 76 -6255631.5
320 866 57 276 179 185 96 203 -6514942.5
435 371 261 126 54 259 174 149 -6527194.5
455 313 52 55 209 20 60 254 -6994985.5
215 783 177 235 242 108 211 237 -7876680.0
Mejor: 282 936 197 55 209 163 214 141 -768560.5

-------------------------------------------------
GENERACIÓN 20
215 313 52 55 209 20 60 237 -4713720.5
225 857 170 175 296 219 144 115 -4983528.0
43 906 293 41 123 180 21 64 -5337372.0
326 936 249 136 272 163 141 76 -5579218.5
435 371 261 126 54 259 174 149 -5788789.5
563 734 158 28 120 257 68 141 -5969793.5
509 860 6 228 80 268 112 144 -6190846.5
911 957 197 285 228 87 105 258 -6201231.5
320 866 57 276 179 185 96 203 -6212373.5
169 372 111 166 89 118 231 56 -6322575.5
455 783 177 235 242 108 211 254 -6447725.5
282 745 227 209 212 116 214 82 -6523335.5
408 928 154 19 286 268 245 197 -6783606.0
773 680 167 34 287 3 202 291 -6954286.0
953 461 286 142 267 115 168 221 -7740505.5
164 376 198 262 130 13 234 23 -7858890.0
Mejor: 282 936 197 55 209 163 214 141 -768560.5

-------------------------------------------------
