GENERACIÓN 1
[761 798 339 741 42 , 746 187 376 308 385 , 42 814 940 893 151 , 270 795 236 148 427 , 570 353 173 410 427 , 385 814 236 867 654 , 315 14 358 271 624 , 633 701 232 831 614 , 385 353 173 613 654 , 450 140 976 276 685 , 423 795 940 866 69 , 574 932 118 893 151 , 874 202 298 43 420 , 371 170 1 500 7 , 178 798 966 478 385 , 318 903 376 741 644 , 360 470 87 977 802 , 507 91 599 288 162 , 385 353 173 410 654 , 315 701 358 831 624 ]
-------------------------------------------------
GENERACIÓN 2
[507 91 64 288 162 , 385 353 173 410 654 , 738 14 358 271 654 , 315 814 236 867 595 , 385 814 940 20 69 , 423 795 236 866 654 , 450 353 976 410 654 , 385 140 173 276 685 , 574 353 173 843 427 , 570 932 118 373 151 , 574 439 118 893 385 , 746 820 376 308 151 , 450 140 976 613 685 , 385 353 173 276 654 , 318 153 339 741 644 , 761 903 376 741 42 , 270 454 236 148 427 , 385 795 236 867 654 , 761 798 339 741 42 , 746 187 376 308 385 ]
-------------------------------------------------
GENERACIÓN 3
[746 820 376 308 385 , 746 132 376 308 151 , 385 814 236 20 427 , 270 454 940 148 69 , 385 91 173 276 162 , 507 353 64 288 829 , 746 820 376 308 654 , 423 795 236 866 151 , 507 91 236 867 595 , 315 814 64 288 162 , 385 353 236 276 654 , 270 454 173 148 427 , 315 814 118 867 595 , 570 932 236 699 151 , 450 140 339 613 179 , 318 153 84 741 685 , 385 814 695 276 685 , 315 140 888 867 595 , 507 91 64 288 162 , 385 353 173 410 654 ]
-------------------------------------------------
GENERACIÓN 4
[450 132 376 613 179 , 746 140 339 308 385 , 385 814 695 276 685 , 746 132 376 308 151 , 270 581 64 148 162 , 315 814 940 288 778 , 507 91 236 867 595 , 318 153 84 741 685 , 507 132 236 867 300 , 746 91 376 422 151 , 447 91 236 288 595 , 507 91 64 867 162 , 315 134 376 867 595 , 746 820 888 308 654 , 507 91 947 308 595 , 746 132 741 867 151 , 315 814 64 288 99 , 385 814 236 20 162 , 746 820 376 308 385 , 746 132 376 308 151 ]
-------------------------------------------------
GENERACIÓN 5
[546 820 888 276 685 , 385 814 695 308 618 , 746 915 376 308 151 , 315 132 376 867 595 , 507 132 236 81 300 , 507 91 64 867 162 , 270 820 64 148 162 , 727 581 376 308 385 , 507 140 339 308 300 , 746 132 236 867 385 , 746 820 376 308 654 , 746 820 888 774 385 , 746 91 236 308 385 , 447 140 339 288 595 , 385 91 236 727 151 , 746 814 376 20 162 , 270 182 64 867 162 , 507 91 184 148 162 , 450 132 376 613 179 , 746 140 339 308 385 ]
-------------------------------------------------
GENERACIÓN 6
[270 820 64 266 618 , 385 814 695 294 162 , 746 820 376 148 654 , 270 820 64 308 162 , 270 820 236 297 151 , 385 91 64 148 162 , 450 132 376 613 179 , 315 476 376 867 595 , 746 814 695 308 618 , 385 132 236 867 385 , 746 91 376 308 385 , 746 604 236 308 654 , 447 132 376 288 595 , 950 140 339 867 595 , 727 581 236 345 151 , 385 91 376 308 385 , 746 915 64 867 151 , 507 91 376 308 236 , 546 820 888 276 685 , 385 814 695 308 618 ]
-------------------------------------------------
GENERACIÓN 7
[315 91 64 867 595 , 385 476 376 939 162 , 746 814 236 308 618 , 727 425 695 345 151 , 546 694 236 276 151 , 899 820 888 345 685 , 270 820 695 297 151 , 385 814 236 298 162 , 746 820 236 914 654 , 546 604 888 738 685 , 385 814 695 308 162 , 385 395 695 294 618 , 270 939 64 867 595 , 445 820 339 266 618 , 315 476 376 867 595 , 270 109 64 266 618 , 270 476 64 308 162 , 315 820 103 867 595 , 270 820 64 266 618 , 385 814 695 294 162 ]
-------------------------------------------------
GENERACIÓN 8
[315 814 695 867 162 , 385 91 64 308 595 , 445 820 339 102 618 , 899 820 888 266 685 , 727 425 64 813 618 , 270 881 695 345 151 , 727 425 64 345 151 , 270 476 695 308 162 , 385 395 695 297 463 , 270 820 695 294 618 , 315 476 376 276 534 , 546 277 236 867 595 , 315 603 103 867 162 , 385 953 376 939 595 , 385 820 103 867 162 , 83 476 376 939 595 , 385 814 695 308 162 , 546 604 888 738 685 , 315 91 64 867 595 , 385 476 376 939 162 ]
-------------------------------------------------
GENERACIÓN 9
[270 395 695 297 162 , 385 95 695 308 463 , 868 820 103 867 162 , 546 277 236 867 595 , 385 91 478 867 595 , 315 953 64 939 595 , 83 496 376 939 595 , 385 925 64 308 595 , 284 425 64 345 151 , 727 91 64 308 595 , 315 603 64 867 595 , 315 91 103 867 162 , 270 881 695 308 151 , 691 814 695 345 162 , 315 603 128 867 162 , 707 820 888 266 685 , 727 425 376 133 618 , 83 476 64 939 595 , 315 814 695 867 162 , 385 91 64 308 595 ]
-------------------------------------------------
GENERACIÓN 10
[270 815 478 867 151 , 385 91 533 308 595 , 83 496 900 939 595 , 727 425 49 133 618 , 270 881 103 308 151 , 315 91 695 867 949 , 727 91 695 308 556 , 691 814 64 345 162 , 691 814 695 255 162 , 546 277 236 345 595 , 315 394 64 939 595 , 707 244 888 266 685 , 315 603 64 867 162 , 385 925 128 308 595 , 385 925 64 308 595 , 47 953 64 939 595 , 700 277 236 867 595 , 700 496 376 939 595 , 270 395 695 297 162 , 385 95 695 308 463 ]
-------------------------------------------------
GENERACIÓN 11
[385 496 64 308 595 , 83 925 900 939 934 , 727 425 64 867 618 , 315 603 49 133 162 , 385 394 128 308 595 , 315 38 64 939 595 , 385 603 64 867 162 , 315 925 64 308 178 , 691 814 64 345 162 , 385 925 64 308 595 , 315 603 358 867 162 , 315 91 695 867 949 , 546 394 236 939 595 , 315 277 64 142 595 , 727 244 778 308 556 , 707 91 315 266 685 , 546 277 236 100 162 , 270 395 695 345 169 , 270 815 478 867 151 , 385 91 533 308 595 ]
-------------------------------------------------
GENERACIÓN 12
[315 38 64 939 73 , 315 91 695 867 595 , 315 925 64 308 178 , 315 626 64 939 595 , 315 925 900 308 934 , 83 925 64 939 89 , 385 277 64 142 595 , 134 925 64 308 595 , 315 884 695 867 595 , 315 277 64 142 949 , 385 394 64 939 555 , 546 496 236 308 633 , 270 852 695 345 169 , 385 496 64 308 537 , 270 395 695 596 949 , 315 91 770 867 169 , 315 603 358 867 162 , 684 925 64 308 178 , 385 496 64 308 595 , 83 925 900 939 934 ]
-------------------------------------------------
GENERACIÓN 13
[684 925 593 308 537 , 826 496 64 308 178 , 385 277 900 142 904 , 315 806 64 308 934 , 83 925 431 308 178 , 315 925 64 939 89 , 385 496 64 939 89 , 83 925 64 308 797 , 270 746 695 142 169 , 648 852 64 345 595 , 315 925 64 939 178 , 684 38 64 308 73 , 83 925 900 308 934 , 315 925 900 939 934 , 385 394 64 939 555 , 385 496 64 308 595 , 385 925 64 142 178 , 905 277 64 308 595 , 315 38 64 939 73 , 315 91 695 867 595 ]
-------------------------------------------------
GENERACIÓN 14
[385 925 64 404 904 , 385 277 691 142 178 , 648 942 64 345 595 , 684 38 64 308 73 , 315 925 218 939 89 , 315 925 64 723 178 , 315 925 64 939 73 , 684 38 900 308 284 , 315 852 64 308 595 , 648 13 64 345 934 , 83 91 431 308 178 , 315 925 695 867 595 , 315 806 64 308 792 , 385 496 64 308 934 , 315 38 64 245 73 , 684 806 64 308 934 , 826 925 64 308 186 , 83 496 64 308 178 , 684 925 593 308 537 , 826 496 64 308 178 ]
-------------------------------------------------
GENERACIÓN 15
[684 496 64 308 284 , 385 885 900 308 934 , 315 908 64 723 537 , 684 925 593 137 178 , 315 38 113 245 934 , 648 13 64 345 73 , 586 806 64 308 537 , 684 925 593 308 652 , 385 925 64 723 178 , 315 925 64 404 904 , 315 852 64 245 73 , 315 38 64 308 595 , 582 496 64 308 178 , 315 925 64 723 178 , 684 38 900 421 178 , 826 496 64 308 284 , 315 852 64 308 595 , 385 277 691 142 178 , 385 925 64 404 904 , 385 277 691 142 178 ]
-------------------------------------------------
GENERACIÓN 16
[651 806 691 308 178 , 385 277 64 142 537 , 315 806 64 308 178 , 586 935 64 723 537 , 385 925 64 142 178 , 385 277 691 569 904 , 385 277 691 142 178 , 385 277 691 142 502 , 385 688 64 308 284 , 826 925 64 908 178 , 315 38 113 245 73 , 315 852 202 245 934 , 684 925 593 844 178 , 684 38 900 421 633 , 826 496 64 330 934 , 315 38 113 75 284 , 521 496 64 308 284 , 684 38 900 421 178 , 684 496 64 308 284 , 385 885 900 308 934 ]
-------------------------------------------------
GENERACIÓN 17
[826 925 159 142 537 , 385 277 64 908 178 , 385 38 900 421 178 , 299 277 691 142 178 , 389 496 64 308 284 , 385 688 64 308 284 , 385 688 64 308 178 , 385 925 64 142 284 , 287 925 64 330 934 , 826 496 64 908 178 , 315 277 64 142 411 , 293 806 64 308 178 , 521 925 64 696 284 , 826 496 64 308 405 , 385 277 900 142 537 , 684 38 64 421 178 , 684 925 64 308 178 , 143 806 593 844 178 , 651 806 691 308 178 , 385 277 64 142 537 ]
-------------------------------------------------
GENERACIÓN 18
[315 277 64 142 284 , 521 925 64 696 411 , 293 806 64 308 178 , 385 688 156 308 284 , 224 38 900 421 178 , 385 277 64 142 941 , 287 688 508 330 934 , 385 925 64 308 284 , 293 806 691 308 322 , 651 806 64 308 178 , 535 496 64 308 284 , 51 496 64 308 405 , 826 277 900 142 537 , 385 597 64 308 405 , 385 925 255 142 178 , 954 38 159 421 537 , 61 925 64 696 284 , 521 38 64 421 893 , 826 925 159 142 537 , 385 277 64 908 178 ]
-------------------------------------------------
GENERACIÓN 19
[287 277 508 330 934 , 385 688 64 455 941 , 535 579 900 308 537 , 826 277 64 162 284 , 315 277 64 142 178 , 385 796 64 908 284 , 293 496 64 308 178 , 51 806 64 308 405 , 826 925 159 142 537 , 293 806 64 308 178 , 293 496 64 308 178 , 486 806 64 308 405 , 651 277 64 589 178 , 385 806 64 142 941 , 521 780 64 696 322 , 293 925 691 308 411 , 283 688 156 308 284 , 287 688 508 330 502 , 315 277 64 142 284 , 521 925 64 696 411 ]
-------------------------------------------------
GENERACIÓN 20
[766 688 156 308 284 , 283 277 64 142 284 , 315 277 64 303 284 , 651 277 64 921 178 , 521 925 64 330 934 , 287 277 508 696 279 , 826 277 64 908 284 , 385 796 124 162 284 , 385 806 508 843 934 , 287 277 64 330 941 , 385 780 64 455 292 , 521 688 64 696 941 , 521 688 64 455 411 , 385 500 64 696 941 , 315 925 206 696 284 , 521 277 64 142 411 , 315 277 64 308 405 , 469 806 64 142 284 , 287 277 508 330 934 , 385 688 64 455 941 ]
-------------------------------------------------
GENERACIÓN 21
[469 806 64 142 411 , 521 277 64 862 284 , 385 780 64 455 62 , 283 277 64 142 284 , 521 673 64 455 941 , 521 688 64 696 411 , 9 277 64 921 934 , 287 944 508 330 178 , 315 277 64 696 405 , 115 925 206 308 284 , 385 466 64 455 292 , 521 925 64 80 934 , 385 806 64 843 941 , 521 688 508 696 934 , 287 251 64 921 934 , 651 277 508 330 178 , 521 277 64 690 411 , 385 780 297 455 292 , 766 688 156 308 284 , 283 277 64 142 284 ]
-------------------------------------------------
