GENERACIÓN 1
[552 92 221 733 268 911 404 , 552 92 221 733 268 911 404 , 552 92 221 733 268 911 404 , 362 192 165 579 248 424 451 , 346 170 603 612 268 911 750 , 596 434 868 664 725 575 108 , 531 373 165 411 540 424 151 , 552 627 734 217 268 911 10 , 362 192 165 217 756 424 451 , 895 177 734 217 756 372 10 , 895 177 734 217 756 372 10 ]
-------------------------------------------------
GENERACIÓN 2
[552 373 221 411 268 911 272 , 552 434 868 664 268 870 404 , 531 92 165 733 540 424 404 , 552 92 221 733 268 911 404 , 552 92 221 733 268 911 404 , 552 92 221 733 268 911 404 , 346 170 603 733 268 464 750 , 346 170 603 612 268 911 750 , 346 170 603 612 268 911 750 , 596 434 868 664 725 575 108 , 895 831 734 612 756 911 750 ]
-------------------------------------------------
GENERACIÓN 3
[552 373 221 411 268 911 272 , 552 373 221 411 268 911 272 , 552 434 868 664 268 870 404 , 552 434 868 664 268 870 404 , 531 92 165 733 540 424 404 , 531 92 165 733 540 424 404 , 531 92 165 733 540 424 404 , 552 92 221 733 268 911 404 , 552 92 221 733 268 911 404 , 552 92 221 733 268 911 404 , 552 92 221 733 268 911 404 ]
-------------------------------------------------
GENERACIÓN 4
[552 373 221 411 268 911 272 , 552 373 221 411 268 911 272 , 552 373 221 411 268 911 272 , 552 373 221 411 268 911 272 , 552 373 221 411 268 911 272 , 552 373 221 411 268 911 272 , 552 434 868 664 268 870 404 , 552 434 868 664 268 870 404 , 552 434 868 664 268 870 404 , 531 92 165 733 540 424 404 , 531 92 165 733 540 424 404 ]
-------------------------------------------------
GENERACIÓN 5
[552 373 221 411 268 911 272 , 552 373 221 411 268 911 272 , 552 373 221 411 268 911 272 , 552 373 221 411 268 911 272 , 552 373 221 411 268 911 272 , 552 373 221 411 268 911 272 , 552 373 221 411 268 911 272 , 552 434 868 664 268 870 404 , 552 434 868 664 268 870 404 , 552 434 868 664 268 870 404 , 531 92 165 733 540 424 404 ]
-------------------------------------------------
GENERACIÓN 6
[552 373 868 664 268 870 404 , 552 373 221 411 268 911 272 , 552 373 221 411 268 911 272 , 552 373 221 411 268 911 272 , 552 373 221 411 268 911 272 , 552 373 221 411 268 911 272 , 552 373 221 411 268 911 272 , 552 373 221 411 268 911 272 , 552 373 221 411 268 911 272 , 552 373 221 411 268 911 272 , 552 434 868 664 268 870 404 ]
-------------------------------------------------
GENERACIÓN 7
[552 373 868 664 268 870 404 , 552 373 868 664 268 870 404 , 552 373 221 411 268 911 272 , 552 373 221 411 268 911 272 , 552 373 221 411 268 911 272 , 552 373 221 411 268 911 272 , 552 373 221 411 268 911 272 , 552 373 221 411 268 911 272 , 552 373 221 411 268 911 272 , 552 373 221 411 268 911 272 , 552 373 221 411 268 911 272 ]
-------------------------------------------------
GENERACIÓN 8
[552 373 868 664 268 870 404 , 552 373 868 664 268 870 404 , 552 373 868 664 268 870 404 , 552 373 868 664 268 870 404 , 552 373 868 664 268 870 404 , 552 373 221 411 268 911 272 , 552 373 221 411 268 911 272 , 552 373 221 411 268 911 272 , 552 373 221 411 268 911 272 , 552 373 221 411 268 911 272 , 552 373 221 411 268 911 272 ]
-------------------------------------------------
GENERACIÓN 9
[552 373 868 664 268 870 404 , 552 373 868 664 268 870 404 , 552 373 868 664 268 870 404 , 552 373 868 664 268 870 404 , 552 373 868 664 268 870 404 , 552 373 868 664 268 870 404 , 552 373 868 664 268 870 404 , 552 373 221 411 268 911 272 , 552 373 221 411 268 911 272 , 552 373 221 411 268 911 272 , 552 373 221 411 268 911 272 ]
-------------------------------------------------
GENERACIÓN 10
[552 373 868 664 268 870 404 , 552 373 868 664 268 870 404 , 552 373 868 664 268 870 404 , 552 373 868 664 268 870 404 , 552 373 868 664 268 870 404 , 552 373 868 664 268 870 404 , 552 373 868 664 268 870 404 , 552 373 868 664 268 870 404 , 552 373 868 664 268 870 404 , 552 373 868 664 268 870 404 , 552 373 221 411 268 911 272 ]
-------------------------------------------------
GENERACIÓN 11
[552 373 868 664 268 870 404 , 552 373 868 664 268 870 404 , 552 373 868 664 268 870 404 , 552 373 868 664 268 870 404 , 552 373 868 664 268 870 404 , 552 373 868 664 268 870 404 , 552 373 868 664 268 870 404 , 552 373 868 664 268 870 404 , 552 373 868 664 268 870 404 , 552 373 868 664 268 870 404 , 552 373 868 664 268 870 404 ]
-------------------------------------------------
GENERACIÓN 12
[552 373 868 664 268 870 404 , 552 373 868 664 268 870 404 , 552 373 868 664 268 870 404 , 552 373 868 664 268 870 404 , 552 373 868 664 268 870 404 , 552 373 868 664 268 870 404 , 552 373 868 664 268 870 404 , 552 373 868 664 268 870 404 , 552 373 868 664 268 870 404 , 552 373 868 664 268 870 404 , 552 373 868 664 268 870 404 ]
-------------------------------------------------
GENERACIÓN 13
[552 373 868 664 268 870 404 , 552 373 868 664 268 870 404 , 552 373 868 664 268 870 404 , 552 373 868 664 268 870 404 , 552 373 868 664 268 870 404 , 552 373 868 664 268 870 404 , 552 373 868 664 268 870 404 , 552 373 868 664 268 870 404 , 552 373 868 664 268 870 404 , 552 373 868 664 268 870 404 , 552 373 868 664 268 870 404 ]
-------------------------------------------------
GENERACIÓN 14
[552 373 868 664 268 870 404 , 552 373 868 664 268 870 404 , 552 373 868 664 268 870 404 , 552 373 868 664 268 870 404 , 552 373 868 664 268 870 404 , 552 373 868 664 268 870 404 , 552 373 868 664 268 870 404 , 552 373 868 664 268 870 404 , 552 373 868 664 268 870 404 , 552 373 868 664 268 870 404 , 552 373 868 664 268 870 404 ]
-------------------------------------------------
GENERACIÓN 15
[552 373 868 664 268 870 404 , 552 373 868 664 268 870 404 , 552 373 868 664 268 870 404 , 552 373 868 664 268 870 404 , 552 373 868 664 268 870 404 , 552 373 868 664 268 870 404 , 552 373 868 664 268 870 404 , 552 373 868 664 268 870 404 , 552 373 868 664 268 870 404 , 552 373 868 664 268 870 404 , 552 373 868 664 268 870 404 ]
-------------------------------------------------
GENERACIÓN 16
[552 373 868 664 268 870 404 , 552 373 868 664 268 870 404 , 552 373 868 664 268 870 404 , 552 373 868 664 268 870 404 , 552 373 868 664 268 870 404 , 552 373 868 664 268 870 404 , 552 373 868 664 268 870 404 , 552 373 868 664 268 870 404 , 552 373 868 664 268 870 404 , 552 373 868 664 268 870 404 , 552 373 868 664 268 870 404 ]
-------------------------------------------------
GENERACIÓN 17
[552 373 868 664 268 870 404 , 552 373 868 664 268 870 404 , 552 373 868 664 268 870 404 , 552 373 868 664 268 870 404 , 552 373 868 664 268 870 404 , 552 373 868 664 268 870 404 , 552 373 868 664 268 870 404 , 552 373 868 664 268 870 404 , 552 373 868 664 268 870 404 , 552 373 868 664 268 870 404 , 552 373 868 664 268 870 404 ]
-------------------------------------------------
GENERACIÓN 18
[552 373 868 664 268 870 404 , 552 373 868 664 268 870 404 , 552 373 868 664 268 870 404 , 552 373 868 664 268 870 404 , 552 373 868 664 268 870 404 , 552 373 868 664 268 870 404 , 552 373 868 664 268 870 404 , 552 373 868 664 268 870 404 , 552 373 868 664 268 870 404 , 552 373 868 664 268 870 404 , 552 373 868 664 268 870 404 ]
-------------------------------------------------
GENERACIÓN 19
[552 373 868 664 268 870 404 , 552 373 868 664 268 870 404 , 552 373 868 664 268 870 404 , 552 373 868 664 268 870 404 , 552 373 868 664 268 870 404 , 552 373 868 664 268 870 404 , 552 373 868 664 268 870 404 , 552 373 868 664 268 870 404 , 552 373 868 664 268 870 404 , 552 373 868 664 268 870 404 , 552 373 868 664 268 870 404 ]
-------------------------------------------------
GENERACIÓN 20
[552 373 868 664 268 870 404 , 552 373 868 664 268 870 404 , 552 373 868 664 268 870 404 , 552 373 868 664 268 870 404 , 552 373 868 664 268 870 404 , 552 373 868 664 268 870 404 , 552 373 868 664 268 870 404 , 552 373 868 664 268 870 404 , 552 373 868 664 268 870 404 , 552 373 868 664 268 870 404 , 552 373 868 664 268 870 404 ]
-------------------------------------------------
GENERACIÓN 21
[552 373 868 664 268 870 404 , 552 373 868 664 268 870 404 , 552 373 868 664 268 870 404 , 552 373 868 664 268 870 404 , 552 373 868 664 268 870 404 , 552 373 868 664 268 870 404 , 552 373 868 664 268 870 404 , 552 373 868 664 268 870 404 , 552 373 868 664 268 870 404 , 552 373 868 664 268 870 404 , 552 373 868 664 268 870 404 ]
-------------------------------------------------
GENERACIÓN 22
[552 373 868 664 268 870 404 , 552 373 868 664 268 870 404 , 552 373 868 664 268 870 404 , 552 373 868 664 268 870 404 , 552 373 868 664 268 870 404 , 552 373 868 664 268 870 404 , 552 373 868 664 268 870 404 , 552 373 868 664 268 870 404 , 552 373 868 664 268 870 404 , 552 373 868 664 268 870 404 , 552 373 868 664 268 870 404 ]
-------------------------------------------------
GENERACIÓN 23
[552 373 868 664 268 870 404 , 552 373 868 664 268 870 404 , 552 373 868 664 268 870 404 , 552 373 868 664 268 870 404 , 552 373 868 664 268 870 404 , 552 373 868 664 268 870 404 , 552 373 868 664 268 870 404 , 552 373 868 664 268 870 404 , 552 373 868 664 268 870 404 , 552 373 868 664 268 870 404 , 552 373 868 664 268 870 404 ]
-------------------------------------------------
GENERACIÓN 24
[552 373 868 664 268 870 404 , 552 373 868 664 268 870 404 , 552 373 868 664 268 870 404 , 552 373 868 664 268 870 404 , 552 373 868 664 268 870 404 , 552 373 868 664 268 870 404 , 552 373 868 664 268 870 404 , 552 373 868 664 268 870 404 , 552 373 868 664 268 870 404 , 552 373 868 664 268 870 404 , 552 373 868 664 268 870 404 ]
-------------------------------------------------
GENERACIÓN 25
[552 373 868 664 268 870 404 , 552 373 868 664 268 870 404 , 552 373 868 664 268 870 404 , 552 373 868 664 268 870 404 , 552 373 868 664 268 870 404 , 552 373 868 664 268 870 404 , 552 373 868 664 268 870 404 , 552 373 868 664 268 870 404 , 552 373 868 664 268 870 404 , 552 373 868 664 268 870 404 , 552 373 868 664 268 870 404 ]
-------------------------------------------------
GENERACIÓN 26
[552 373 868 664 268 870 404 , 552 373 868 664 268 870 404 , 552 373 868 664 268 870 404 , 552 373 868 664 268 870 404 , 552 373 868 664 268 870 404 , 552 373 868 664 268 870 404 , 552 373 868 664 268 870 404 , 552 373 868 664 268 870 404 , 552 373 868 664 268 870 404 , 552 373 868 664 268 870 404 , 552 373 868 664 268 870 404 ]
-------------------------------------------------
GENERACIÓN 27
[552 373 868 664 268 870 404 , 552 373 868 664 268 870 404 , 552 373 868 664 268 870 404 , 552 373 868 664 268 870 404 , 552 373 868 664 268 870 404 , 552 373 868 664 268 870 404 , 552 373 868 664 268 870 404 , 552 373 868 664 268 870 404 , 552 373 868 664 268 870 404 , 552 373 868 664 268 870 404 , 552 373 868 664 268 870 404 ]
-------------------------------------------------
GENERACIÓN 28
[552 373 868 664 268 870 404 , 552 373 868 664 268 870 404 , 552 373 868 664 268 870 404 , 552 373 868 664 268 870 404 , 552 373 868 664 268 870 404 , 552 373 868 664 268 870 404 , 552 373 868 664 268 870 404 , 552 373 868 664 268 870 404 , 552 373 868 664 268 870 404 , 552 373 868 664 268 870 404 , 552 373 868 664 268 870 404 ]
-------------------------------------------------
GENERACIÓN 29
[552 373 868 664 268 870 404 , 552 373 868 664 268 870 404 , 552 373 868 664 268 870 404 , 552 373 868 664 268 870 404 , 552 373 868 664 268 870 404 , 552 373 868 664 268 870 404 , 552 373 868 664 268 870 404 , 552 373 868 664 268 870 404 , 552 373 868 664 268 870 404 , 552 373 868 664 268 870 404 , 552 373 868 664 268 870 404 ]
-------------------------------------------------
GENERACIÓN 30
[552 373 868 664 268 870 404 , 552 373 868 664 268 870 404 , 552 373 868 664 268 870 404 , 552 373 868 664 268 870 404 , 552 373 868 664 268 870 404 , 552 373 868 664 268 870 404 , 552 373 868 664 268 870 404 , 552 373 868 664 268 870 404 , 552 373 868 664 268 870 404 , 552 373 868 664 268 870 404 , 552 373 868 664 268 870 404 ]
-------------------------------------------------
