GENERACIÓN 0
948 953 215 146 289 277 109 5 -0.015497235
219 677 106 7 187 23 35 130 -0.018446662
374 554 222 186 190 41 174 106 -0.018488407
251 440 105 244 39 213 262 19 -0.019292159
145 786 98 74 32 271 165 275 -0.021447485
900 929 91 65 36 131 214 18 -0.02547427
877 947 244 52 263 86 270 81 -0.15852728
867 957 57 102 261 241 145 18 -0.15989497
125 156 270 144 171 146 32 204 -0.1655574
322 483 117 104 294 17 288 40 -0.17749052
488 791 222 18 6 181 88 237 -0.18229462
577 910 158 203 48 295 142 11 -0.22946167
11 19 159 113 191 241 78 29 -0.3072897
191 770 103 15 140 228 235 223 -0.32967475
528 721 287 262 16 100 276 252 -0.47773126
544 651 195 166 258 176 24 256 -0.7358143
Mejor: 948 953 215 146 289 277 109 5 -0.015497235

-------------------------------------------------
GENERACIÓN 1
948 953 215 146 289 277 109 5 -0.015497235
900 957 57 102 36 131 145 18 -0.018428313
219 677 106 7 187 23 35 130 -0.018446662
374 554 222 186 190 41 174 106 -0.018488407
948 953 244 52 289 86 270 5 -0.018903732
251 440 105 244 39 213 262 19 -0.019292159
877 947 215 146 263 277 109 81 -0.019393854
867 957 244 102 263 86 270 81 -0.020794343
145 786 98 74 32 271 165 275 -0.021447485
900 929 91 65 36 131 214 18 -0.02547427
251 677 105 244 187 23 35 130 -0.053357366
219 440 106 7 39 213 262 19 -0.15282966
251 677 106 244 187 23 35 19 -0.15575258
877 947 244 52 263 86 270 81 -0.15852728
867 957 57 102 261 241 145 18 -0.15989497
125 156 270 144 171 146 32 204 -0.1655574
Mejor: 948 953 215 146 289 277 109 5 -0.015497235

-------------------------------------------------
GENERACIÓN 2
948 953 215 146 289 277 109 5 -0.015497235
145 786 98 74 32 271 165 275 -0.016496917
219 554 222 186 190 213 262 106 -0.017172346
374 554 222 186 190 41 174 106 -0.017959034
900 957 57 102 36 131 145 18 -0.018428313
219 677 106 7 187 23 35 130 -0.018446662
374 554 222 186 190 41 174 106 -0.018488407
374 440 106 7 39 41 174 19 -0.018526394
948 953 244 52 289 86 270 5 -0.018903732
251 440 105 244 39 213 262 19 -0.019292159
877 947 215 146 263 277 109 81 -0.019393854
900 440 91 244 39 131 262 19 -0.019559013
867 957 244 102 263 86 270 81 -0.020794343
145 786 98 74 32 271 165 275 -0.021447485
145 786 98 74 32 271 165 275 -0.021753669
900 929 91 65 36 131 214 18 -0.02547427
Mejor: 948 953 215 146 289 277 109 5 -0.015497235

-------------------------------------------------
GENERACIÓN 3
948 953 215 146 289 277 109 5 -0.014082757
948 953 215 146 289 277 109 5 -0.015497235
145 786 98 74 32 271 165 275 -0.016496917
219 554 222 186 190 213 262 106 -0.01700082
219 554 222 186 190 213 262 106 -0.017172346
145 786 98 74 32 271 165 275 -0.017493052
374 554 222 186 190 41 174 106 -0.017959034
900 957 57 102 36 131 145 18 -0.018428313
219 677 106 7 187 23 35 130 -0.018446662
374 554 222 186 190 41 174 106 -0.018488407
948 953 215 146 289 277 109 5 -0.018518565
374 440 106 7 39 41 174 19 -0.018526394
145 786 98 74 32 271 165 275 -0.018758077
948 953 244 52 289 86 270 5 -0.018903732
948 953 57 146 36 277 145 18 -0.018910978
251 440 105 244 39 213 262 19 -0.019292159
Mejor: 948 953 215 146 289 277 109 5 -0.014082757

-------------------------------------------------
GENERACIÓN 4
948 953 215 146 289 277 109 5 -0.014082757
948 953 215 146 289 277 109 5 -0.015497235
948 953 215 102 289 131 109 5 -0.01639704
145 786 98 74 32 271 165 275 -0.016496917
948 786 215 146 289 277 165 5 -0.016731637
219 554 222 186 190 213 262 106 -0.01700082
219 554 222 186 190 213 262 106 -0.017172346
145 786 98 74 32 271 165 275 -0.017493052
145 953 98 74 32 271 109 275 -0.017906882
374 554 222 186 190 41 174 106 -0.017959034
219 554 222 186 190 213 262 106 -0.018359737
900 957 57 102 36 131 145 18 -0.018428313
219 677 106 7 187 23 35 130 -0.018446662
374 554 222 186 190 41 174 106 -0.018488407
948 953 215 146 289 277 109 5 -0.018518565
374 440 106 7 39 41 174 19 -0.018526394
Mejor: 948 953 215 146 289 277 109 5 -0.014082757

-------------------------------------------------
GENERACIÓN 5
948 953 215 146 289 277 109 5 -0.014082757
219 953 222 146 289 213 262 5 -0.015159898
948 953 215 146 289 277 109 5 -0.015497235
948 953 215 102 289 131 109 5 -0.01639704
145 786 98 74 32 271 165 275 -0.016496917
948 786 215 146 289 277 165 5 -0.016731637
219 554 222 186 190 213 262 106 -0.01700082
219 554 222 186 190 213 262 106 -0.017009012
219 554 222 186 190 213 262 106 -0.017172346
145 786 98 74 32 271 165 275 -0.017493052
145 953 98 74 32 271 109 275 -0.017906882
374 554 222 186 190 41 174 106 -0.017959034
219 554 222 186 190 213 262 106 -0.018359737
900 957 57 102 36 131 145 18 -0.018428313
219 677 106 7 187 23 35 130 -0.018446662
374 554 222 186 190 41 174 106 -0.018488407
Mejor: 948 953 215 146 289 277 109 5 -0.014082757

-------------------------------------------------
GENERACIÓN 6
948 953 215 146 289 277 109 5 -0.014082757
219 953 222 146 289 213 262 5 -0.015159898
948 953 215 146 289 277 109 5 -0.015264712
948 953 215 146 289 277 109 5 -0.015497235
948 953 215 102 289 131 109 5 -0.01639704
145 786 98 74 32 271 165 275 -0.016496917
374 554 222 146 190 213 174 106 -0.016615715
948 786 215 146 289 277 165 5 -0.016731637
219 554 222 186 190 213 262 106 -0.01700082
219 554 222 186 190 213 262 106 -0.017009012
145 953 222 74 289 271 262 5 -0.017056832
219 554 222 186 190 213 262 106 -0.017172346
145 786 98 74 32 271 165 275 -0.017493052
219 786 222 146 289 277 165 5 -0.017515829
145 953 98 74 32 271 109 275 -0.017906882
374 554 222 186 190 41 174 106 -0.017959034
Mejor: 948 953 215 146 289 277 109 5 -0.014082757

-------------------------------------------------
GENERACIÓN 7
948 953 215 146 289 277 109 5 -0.014082757
219 554 222 186 190 213 262 106 -0.014911376
219 953 222 146 289 213 262 5 -0.015159898
948 953 215 146 289 277 109 5 -0.015264712
948 953 215 146 289 277 109 5 -0.015497235
948 953 215 146 289 131 109 5 -0.015547641
948 953 215 102 289 131 109 5 -0.01639704
145 786 98 74 32 271 165 275 -0.016496917
374 554 222 146 190 213 174 106 -0.016615715
948 786 215 146 289 277 165 5 -0.016731637
219 554 222 186 190 213 262 106 -0.01700082
219 554 222 186 190 213 262 106 -0.017009012
145 953 222 74 289 271 262 5 -0.017056832
219 554 222 186 190 213 262 106 -0.017172346
145 786 98 74 32 271 165 275 -0.017493052
219 786 222 146 289 277 165 5 -0.017515829
Mejor: 948 953 215 146 289 277 109 5 -0.014082757

-------------------------------------------------
GENERACIÓN 8
948 953 215 146 289 277 109 5 -0.014082757
219 554 222 146 289 213 262 5 -0.014414501
219 554 222 186 190 213 262 106 -0.014911376
219 953 222 146 289 213 262 5 -0.015159898
948 953 215 146 289 277 109 5 -0.015264712
948 953 215 146 289 277 109 5 -0.015497235
948 953 215 146 289 131 109 5 -0.015547641
219 953 222 186 190 213 262 106 -0.015866218
219 554 222 186 190 213 262 106 -0.01597651
948 953 215 102 289 131 109 5 -0.01639704
145 786 98 74 32 271 165 275 -0.016496917
374 554 222 146 190 213 174 106 -0.016615715
948 786 215 146 289 277 165 5 -0.016731637
219 554 222 186 190 213 262 106 -0.01700082
219 554 222 186 190 213 262 106 -0.017009012
145 953 222 74 289 271 262 5 -0.017056832
Mejor: 948 953 215 146 289 277 109 5 -0.014082757

-------------------------------------------------
GENERACIÓN 9
948 953 215 146 289 277 109 5 -0.014082757
219 554 222 146 289 213 262 5 -0.014414501
219 554 222 186 190 213 262 106 -0.014911376
219 953 222 146 289 213 262 5 -0.015159898
948 953 215 146 289 277 109 5 -0.015264712
948 953 215 146 289 277 109 5 -0.015497235
948 953 215 146 289 131 109 5 -0.015547641
219 953 222 186 190 213 262 106 -0.015866218
219 554 222 186 190 213 262 106 -0.01597651
948 953 215 102 289 131 109 5 -0.01639704
145 786 98 74 32 271 165 275 -0.016496917
374 554 222 146 190 213 174 106 -0.016615715
948 786 215 146 289 277 165 5 -0.016731637
219 554 222 186 190 213 262 106 -0.01700082
219 554 222 186 190 213 262 106 -0.017009012
145 953 222 74 289 271 262 5 -0.017056832
Mejor: 948 953 215 146 289 277 109 5 -0.014082757

-------------------------------------------------
GENERACIÓN 10
948 953 215 146 289 277 109 5 -0.014082757
948 953 215 146 289 277 109 5 -0.0143949175
219 554 222 146 289 213 262 5 -0.014414501
219 554 222 186 190 213 262 106 -0.014911376
219 953 222 146 289 213 262 5 -0.015159898
948 953 215 146 289 277 109 5 -0.015264712
219 953 222 146 289 213 262 106 -0.015328017
948 953 215 146 289 277 109 5 -0.015497235
948 953 215 146 289 131 109 5 -0.015547641
219 953 222 186 190 213 262 106 -0.015866218
219 554 222 186 190 213 262 106 -0.01597651
948 953 215 102 289 131 109 5 -0.01639704
145 786 98 74 32 271 165 275 -0.016496917
374 554 222 146 190 213 174 106 -0.016615715
948 786 215 146 289 277 165 5 -0.016731637
219 554 222 186 190 213 262 106 -0.01700082
Mejor: 948 953 215 146 289 277 109 5 -0.014082757

-------------------------------------------------
GENERACIÓN 11
948 953 215 146 289 277 109 5 -0.014082757
948 953 215 146 289 277 109 5 -0.0143949175
219 554 222 146 289 213 262 5 -0.014414501
219 554 222 186 190 213 262 106 -0.014911376
219 554 222 186 190 213 262 106 -0.01493077
219 953 222 146 289 213 262 5 -0.015159898
948 953 215 146 289 277 109 5 -0.015264712
219 953 222 146 289 213 262 106 -0.015328017
948 953 215 146 289 277 109 5 -0.015497235
948 953 215 146 289 131 109 5 -0.015547641
219 953 222 186 190 213 262 106 -0.015866218
219 554 222 186 190 213 262 106 -0.01597651
948 953 215 102 289 131 109 5 -0.01639704
948 953 215 146 289 277 109 5 -0.016472945
145 786 98 74 32 271 165 275 -0.016496917
374 554 222 146 190 213 174 106 -0.016615715
Mejor: 948 953 215 146 289 277 109 5 -0.014082757

-------------------------------------------------
GENERACIÓN 12
948 953 215 146 289 277 109 5 -0.014082757
948 953 215 146 289 277 109 5 -0.0143949175
219 554 222 146 289 213 262 5 -0.014414501
219 554 222 186 190 213 262 106 -0.014911376
219 554 222 186 190 213 262 106 -0.01493077
219 953 222 146 289 213 262 5 -0.015159898
948 953 215 146 289 277 109 5 -0.015264712
219 953 222 146 289 213 262 106 -0.015328017
948 953 215 146 289 277 109 5 -0.015497235
948 953 215 146 289 131 109 5 -0.015547641
948 953 215 146 289 277 109 5 -0.0155763365
219 953 222 186 190 213 262 106 -0.015866218
219 554 222 186 190 213 262 106 -0.01597651
948 953 215 102 289 131 109 5 -0.01639704
948 953 215 146 289 277 109 5 -0.016472945
145 786 98 74 32 271 165 275 -0.016496917
Mejor: 948 953 215 146 289 277 109 5 -0.014082757

-------------------------------------------------
GENERACIÓN 13
948 953 215 146 289 277 109 5 -0.014082757
948 953 215 146 289 277 109 5 -0.0143949175
219 554 222 146 289 213 262 5 -0.014414501
219 554 222 186 190 213 262 106 -0.014911376
219 554 222 186 190 213 262 106 -0.01493077
219 953 222 146 289 213 262 5 -0.015159898
948 953 215 146 289 277 109 5 -0.015264712
219 953 222 146 289 213 262 106 -0.015328017
948 953 215 146 289 277 109 5 -0.015497235
948 953 215 146 289 131 109 5 -0.015547641
948 953 215 146 289 277 109 5 -0.0155763365
219 953 222 186 190 213 262 106 -0.015866218
219 554 222 186 190 213 262 106 -0.01597651
948 953 215 102 289 131 109 5 -0.01639704
948 953 215 146 289 277 109 5 -0.016472945
145 786 98 74 32 271 165 275 -0.016496917
Mejor: 948 953 215 146 289 277 109 5 -0.014082757

-------------------------------------------------
GENERACIÓN 14
948 953 215 146 289 277 109 5 -0.014082757
948 953 215 146 289 277 109 5 -0.0143949175
219 554 222 146 289 213 262 5 -0.014414501
219 554 222 186 190 213 262 106 -0.014911376
219 554 222 186 190 213 262 106 -0.01493077
219 953 222 146 289 213 262 5 -0.015159898
948 953 215 146 289 277 109 5 -0.015264712
219 953 222 146 289 213 262 106 -0.015328017
948 953 215 146 289 277 109 5 -0.015497235
948 953 215 146 289 131 109 5 -0.015547641
948 953 215 146 289 277 109 5 -0.0155763365
219 953 222 186 190 213 262 106 -0.015866218
219 554 222 186 190 213 262 106 -0.01597651
948 953 222 146 289 213 109 5 -0.016193984
948 953 215 102 289 131 109 5 -0.01639704
948 953 215 146 289 277 109 5 -0.016472945
Mejor: 948 953 215 146 289 277 109 5 -0.014082757

-------------------------------------------------
GENERACIÓN 15
948 953 215 146 289 277 109 5 -0.014082757
948 953 215 146 289 277 109 5 -0.0143949175
219 554 222 146 289 213 262 5 -0.014414501
219 554 222 186 190 213 262 106 -0.014911376
219 554 222 186 190 213 262 106 -0.01493077
219 953 222 146 289 213 262 5 -0.015159898
948 953 215 146 289 277 109 5 -0.015264712
219 953 222 146 289 213 262 106 -0.015328017
948 953 215 146 289 277 109 5 -0.015497235
948 953 215 146 289 131 109 5 -0.015547641
948 953 215 146 289 277 109 5 -0.0155763365
948 953 215 146 289 277 109 5 -0.015773071
948 953 222 146 289 277 262 106 -0.01583538
219 953 222 186 190 213 262 106 -0.015866218
219 554 222 186 190 213 262 106 -0.01597651
948 953 222 146 289 213 109 5 -0.016193984
Mejor: 948 953 215 146 289 277 109 5 -0.014082757

-------------------------------------------------
GENERACIÓN 16
948 953 215 146 289 277 109 5 -0.014082757
948 953 215 146 289 277 109 5 -0.0143949175
219 554 222 146 289 213 262 5 -0.014414501
219 953 222 146 190 213 262 106 -0.014669485
219 554 222 186 190 213 262 106 -0.014911376
219 554 222 186 190 213 262 106 -0.01493077
219 953 222 146 289 213 262 5 -0.015159898
948 953 215 146 289 277 109 5 -0.015264712
219 953 222 146 289 213 262 106 -0.015328017
948 953 215 146 289 277 109 5 -0.015497235
948 953 215 146 289 131 109 5 -0.015547641
948 953 215 146 289 277 109 5 -0.0155763365
948 953 215 146 289 277 109 5 -0.015773071
948 953 222 146 289 277 262 106 -0.01583538
219 953 222 186 190 213 262 106 -0.015866218
219 554 222 186 190 213 262 106 -0.01597651
Mejor: 948 953 215 146 289 277 109 5 -0.014082757

-------------------------------------------------
GENERACIÓN 17
948 953 215 146 289 277 109 5 -0.014082757
948 953 215 146 289 277 109 5 -0.0143949175
219 554 222 146 289 213 262 5 -0.014414501
219 953 222 146 190 213 262 106 -0.014669485
219 554 222 186 190 213 262 106 -0.014911376
219 554 222 186 190 213 262 106 -0.01493077
219 953 222 146 289 213 262 5 -0.015159898
948 953 215 146 289 277 109 5 -0.015264712
948 953 215 146 289 131 109 5 -0.015297581
219 953 222 146 289 213 262 106 -0.015328017
948 953 215 146 289 277 109 5 -0.015497235
948 953 215 146 289 131 109 5 -0.015547641
948 953 215 146 289 277 109 5 -0.0155763365
948 953 215 146 289 277 109 5 -0.015773071
948 953 222 146 289 277 262 106 -0.01583538
219 953 222 186 190 213 262 106 -0.015866218
Mejor: 948 953 215 146 289 277 109 5 -0.014082757

-------------------------------------------------
GENERACIÓN 18
948 953 215 146 289 277 109 5 -0.014082757
948 953 215 146 289 277 109 5 -0.0143949175
219 554 222 146 289 213 262 5 -0.014414501
219 953 222 146 190 213 262 106 -0.014669485
219 554 222 186 190 213 262 106 -0.014911376
219 554 222 186 190 213 262 106 -0.01493077
219 953 222 146 289 213 262 5 -0.015159898
948 953 215 146 289 277 109 5 -0.015264712
948 953 215 146 289 131 109 5 -0.015297581
219 953 222 146 289 213 262 106 -0.015328017
948 953 215 146 289 277 109 5 -0.015497235
948 953 215 146 289 131 109 5 -0.015547641
948 953 215 146 289 277 109 5 -0.0155763365
948 953 215 146 289 277 109 5 -0.015773071
948 953 222 146 289 277 262 106 -0.01583538
219 953 222 186 190 213 262 106 -0.015866218
Mejor: 948 953 215 146 289 277 109 5 -0.014082757

-------------------------------------------------
GENERACIÓN 19
948 953 222 146 289 213 109 5 -0.013960109
948 953 215 146 289 277 109 5 -0.014082757
948 953 215 146 289 277 109 5 -0.0143949175
219 554 222 146 289 213 262 5 -0.014414501
219 953 222 146 190 213 262 106 -0.014669485
219 554 222 186 190 213 262 106 -0.014911376
219 554 222 186 190 213 262 106 -0.01493077
219 953 222 146 289 213 262 5 -0.015159898
948 953 215 146 289 277 109 5 -0.015264712
948 953 215 146 289 131 109 5 -0.015297581
219 953 222 146 289 213 262 106 -0.015328017
948 953 215 146 289 277 109 5 -0.015497235
948 953 215 146 289 131 109 5 -0.015547641
948 953 215 146 289 277 109 5 -0.0155763365
948 953 215 146 289 277 109 5 -0.015773071
948 953 222 146 289 277 262 106 -0.01583538
Mejor: 948 953 222 146 289 213 109 5 -0.013960109

-------------------------------------------------
GENERACIÓN 20
948 953 222 146 289 213 109 5 -0.013960109
948 953 215 146 289 277 109 5 -0.014082757
948 953 215 146 289 277 109 5 -0.0143949175
219 554 222 146 289 213 262 5 -0.014414501
219 953 222 146 190 213 262 106 -0.014669485
219 554 222 186 190 213 262 106 -0.014911376
219 554 222 186 190 213 262 106 -0.01493077
219 953 222 146 289 213 262 5 -0.015159898
948 953 215 146 289 277 109 5 -0.015264712
948 953 215 146 289 131 109 5 -0.015297581
219 953 222 146 289 213 262 106 -0.015328017
948 953 215 146 289 277 109 5 -0.015497235
948 953 215 146 289 131 109 5 -0.015547641
948 953 215 146 289 277 109 5 -0.0155763365
948 953 215 146 289 277 109 5 -0.015773071
948 953 222 146 289 277 262 106 -0.01583538
Mejor: 948 953 222 146 289 213 109 5 -0.013960109

-------------------------------------------------
GENERACIÓN 21
948 953 222 146 289 213 109 5 -0.013960109
948 953 215 146 289 277 109 5 -0.014082757
948 953 215 146 289 277 109 5 -0.0143949175
219 554 222 146 289 213 262 5 -0.014414501
219 554 222 146 289 277 262 5 -0.014666864
219 953 222 146 190 213 262 106 -0.014669485
219 554 222 146 289 213 262 5 -0.014890919
219 554 222 186 190 213 262 106 -0.014911376
219 554 222 186 190 213 262 106 -0.01493077
219 953 222 146 289 213 262 5 -0.015159898
948 953 215 146 289 277 109 5 -0.015264712
948 953 215 146 289 131 109 5 -0.015297581
219 953 222 146 289 213 262 106 -0.015328017
948 953 215 146 289 277 109 5 -0.015497235
948 953 215 146 289 131 109 5 -0.015547641
948 953 215 146 289 277 109 5 -0.0155763365
Mejor: 948 953 222 146 289 213 109 5 -0.013960109

-------------------------------------------------
GENERACIÓN 22
948 953 222 146 289 213 109 5 -0.013960109
948 953 215 146 289 277 109 5 -0.014082757
948 953 215 146 289 277 109 5 -0.0143949175
219 554 222 146 289 213 262 5 -0.014414501
219 554 222 146 289 277 262 5 -0.014666864
219 953 222 146 190 213 262 106 -0.014669485
219 554 222 146 289 213 262 5 -0.014890919
219 554 222 186 190 213 262 106 -0.014911376
219 554 222 186 190 213 262 106 -0.01493077
219 953 222 146 289 213 262 5 -0.015159898
948 953 215 146 289 277 109 5 -0.015264712
948 953 215 146 289 131 109 5 -0.015297581
219 953 222 146 289 213 262 106 -0.015328017
948 953 215 146 289 277 109 5 -0.015497235
948 953 215 146 289 131 109 5 -0.015547641
948 953 215 146 289 277 109 5 -0.0155763365
Mejor: 948 953 222 146 289 213 109 5 -0.013960109

-------------------------------------------------
GENERACIÓN 23
948 953 222 146 289 213 109 5 -0.013960109
948 953 215 146 289 277 109 5 -0.014082757
948 953 215 146 289 277 109 5 -0.0143949175
219 554 222 146 289 213 262 5 -0.014414501
219 554 222 146 289 277 262 5 -0.014666864
219 953 222 146 190 213 262 106 -0.014669485
219 554 222 146 289 213 262 5 -0.014890919
219 554 222 186 190 213 262 106 -0.014911376
219 554 222 186 190 213 262 106 -0.01493077
219 953 222 146 289 213 262 5 -0.015159898
948 953 215 146 289 277 109 5 -0.015264712
948 953 215 146 289 131 109 5 -0.015297581
219 953 222 146 289 213 262 106 -0.015328017
948 953 215 146 289 277 109 5 -0.015497235
948 953 215 146 289 131 109 5 -0.015547641
948 953 215 146 289 277 109 5 -0.0155763365
Mejor: 948 953 222 146 289 213 109 5 -0.013960109

-------------------------------------------------
GENERACIÓN 24
948 953 215 146 289 277 109 5 -0.013720125
948 953 222 146 289 213 109 5 -0.013960109
948 953 215 146 289 277 109 5 -0.014082757
948 953 215 146 289 277 109 5 -0.0143949175
219 554 222 146 289 213 262 5 -0.014414501
219 554 222 146 289 277 262 5 -0.014666864
219 953 222 146 190 213 262 106 -0.014669485
219 554 222 146 289 213 262 5 -0.014890919
219 554 222 186 190 213 262 106 -0.014911376
219 554 222 186 190 213 262 106 -0.01493077
219 953 222 146 289 213 262 5 -0.015159898
948 953 215 146 289 277 109 5 -0.015264712
948 953 215 146 289 131 109 5 -0.015297581
219 953 222 146 289 213 262 106 -0.015328017
948 953 215 146 289 277 109 5 -0.015497235
948 953 215 146 289 131 109 5 -0.015547641
Mejor: 948 953 215 146 289 277 109 5 -0.013720125

-------------------------------------------------
GENERACIÓN 25
948 953 215 146 289 277 109 5 -0.013720125
948 953 222 146 289 213 109 5 -0.013960109
948 953 215 146 289 277 109 5 -0.014082757
948 953 215 146 289 277 109 5 -0.0143949175
219 554 222 146 289 213 262 5 -0.014414501
219 554 222 146 289 277 262 5 -0.014666864
219 953 222 146 190 213 262 106 -0.014669485
219 554 222 146 289 213 262 5 -0.014890919
219 554 222 186 190 213 262 106 -0.014911376
219 554 222 186 190 213 262 106 -0.01493077
219 953 222 146 289 213 262 5 -0.015159898
948 953 215 146 289 277 109 5 -0.015264712
948 953 215 146 289 131 109 5 -0.015297581
219 953 222 146 289 213 262 106 -0.015328017
948 953 215 146 289 277 109 5 -0.015497235
948 953 215 146 289 131 109 5 -0.015547641
Mejor: 948 953 215 146 289 277 109 5 -0.013720125

-------------------------------------------------
GENERACIÓN 26
948 953 215 146 289 277 109 5 -0.013720125
948 953 222 146 289 213 109 5 -0.013960109
948 953 215 146 289 277 109 5 -0.014082757
219 554 222 146 289 213 262 5 -0.014364698
948 953 215 146 289 277 109 5 -0.0143949175
219 554 222 146 289 213 262 5 -0.014414501
219 554 222 146 289 277 262 5 -0.014666864
219 953 222 146 190 213 262 106 -0.014669485
219 554 222 146 289 213 262 5 -0.014890919
219 554 222 186 190 213 262 106 -0.014911376
219 554 222 186 190 213 262 106 -0.01493077
219 953 222 146 289 213 262 5 -0.015159898
948 953 215 146 289 277 109 5 -0.015264712
948 953 215 146 289 131 109 5 -0.015297581
219 953 222 146 289 213 262 106 -0.015328017
948 953 215 146 289 277 109 5 -0.015497235
Mejor: 948 953 215 146 289 277 109 5 -0.013720125

-------------------------------------------------
GENERACIÓN 27
948 953 222 146 190 213 109 106 -0.013155551
948 953 215 146 289 277 109 5 -0.013720125
948 953 222 146 289 213 109 5 -0.013960109
948 953 215 146 289 277 109 5 -0.014082757
219 554 222 146 289 213 262 5 -0.014364698
948 953 215 146 289 277 109 5 -0.0143949175
219 554 222 146 289 213 262 5 -0.014414501
219 554 222 146 289 277 262 5 -0.014666864
219 953 222 146 190 213 262 106 -0.014669485
219 554 222 146 289 213 262 5 -0.014890919
219 554 222 186 190 213 262 106 -0.014911376
219 554 222 186 190 213 262 106 -0.01493077
219 953 222 146 289 213 262 5 -0.015159898
948 953 215 146 289 277 109 5 -0.015264712
948 953 215 146 289 131 109 5 -0.015297581
219 953 222 146 289 213 262 106 -0.015328017
Mejor: 948 953 222 146 190 213 109 106 -0.013155551

-------------------------------------------------
GENERACIÓN 28
948 953 222 146 190 213 109 106 -0.013155551
948 953 215 146 289 277 109 5 -0.013720125
948 953 222 146 289 213 109 5 -0.013960109
948 953 215 146 289 277 109 5 -0.014082757
948 554 222 146 190 213 262 5 -0.014319577
219 554 222 146 289 213 262 5 -0.014364698
948 953 215 146 289 277 109 5 -0.0143949175
219 554 222 146 289 213 262 5 -0.014414501
219 554 222 146 289 277 262 5 -0.014666864
219 953 222 146 190 213 262 106 -0.014669485
219 554 222 146 289 213 262 5 -0.014890919
219 554 222 186 190 213 262 106 -0.014911376
219 554 222 186 190 213 262 106 -0.01493077
219 953 222 146 289 213 262 5 -0.015159898
948 953 215 146 289 277 109 5 -0.015264712
948 953 215 146 289 131 109 5 -0.015297581
Mejor: 948 953 222 146 190 213 109 106 -0.013155551

-------------------------------------------------
GENERACIÓN 29
948 953 222 146 190 213 109 106 -0.013155551
948 953 215 146 289 277 109 5 -0.013720125
948 953 222 146 289 213 109 5 -0.013960109
948 953 215 146 289 277 109 5 -0.014082757
948 554 222 146 190 213 262 5 -0.014319577
219 554 222 146 289 213 262 5 -0.014364698
948 953 215 146 289 277 109 5 -0.0143949175
219 554 222 146 289 213 262 5 -0.014414501
219 554 222 146 289 213 262 5 -0.01457297
219 554 222 146 289 277 262 5 -0.014666864
219 953 222 146 190 213 262 106 -0.014669485
219 554 222 146 289 213 262 5 -0.014890919
219 554 222 186 190 213 262 106 -0.014911376
219 554 222 186 190 213 262 106 -0.01493077
219 953 222 146 289 213 262 5 -0.015159898
948 953 215 146 289 277 109 5 -0.015264712
Mejor: 948 953 222 146 190 213 109 106 -0.013155551

-------------------------------------------------
GENERACIÓN 30
948 953 222 146 190 213 109 106 -0.013155551
948 953 215 146 289 277 109 5 -0.013720125
948 953 222 146 289 213 109 5 -0.013960109
219 554 222 146 289 277 262 5 -0.013983417
219 554 222 146 289 213 262 5 -0.014035575
948 953 215 146 289 277 109 5 -0.014082757
948 554 222 146 190 213 262 5 -0.014319577
219 554 222 146 289 213 262 5 -0.014364698
948 953 215 146 289 277 109 5 -0.0143949175
219 554 222 146 289 213 262 5 -0.014414501
219 554 222 146 289 213 262 5 -0.01457297
219 554 222 146 289 277 262 5 -0.014666864
219 953 222 146 190 213 262 106 -0.014669485
219 554 222 146 289 213 262 5 -0.014890919
219 554 222 186 190 213 262 106 -0.014911376
219 554 222 186 190 213 262 106 -0.01493077
Mejor: 948 953 222 146 190 213 109 106 -0.013155551

-------------------------------------------------
