GENERACIÓN 0
533 675 173 51 213 207 299 150 -7566517.5
4 634 119 247 7 48 178 234 -7591655.5
350 904 138 251 121 42 225 151 -7824544.5
684 835 260 100 51 110 124 219 -9051172.0
150 384 92 261 56 123 54 211 -9234231.0
212 420 17 199 228 39 34 286 -9236336.0
120 910 42 236 254 234 182 99 -9563954.0
677 862 294 17 278 63 73 274 -9657212.0
880 892 260 226 24 272 291 40 -9797615.0
470 684 233 18 172 192 136 208 -1.0023191E7
574 953 276 47 57 34 68 186 -1.0077697E7
860 953 178 148 281 9 249 18 -1.0077951E7
846 883 102 4 29 150 98 198 -1.0173121E7
491 661 64 216 157 243 235 162 -1.0949264E7
812 893 285 85 164 205 97 177 -1.1566445E7
905 950 181 47 248 173 289 229 -1.248786E7
Mejor: 533 675 173 51 213 207 299 150 -7566517.5

-------------------------------------------------
GENERACIÓN 1
684 835 260 100 51 110 124 219 -6949718.5
491 661 64 216 157 243 235 162 -7430546.5
684 835 260 100 51 110 124 219 -6949718.5
4 634 119 247 7 48 178 234 -7591655.5
350 904 138 251 121 42 225 151 -7824544.5
4 634 17 199 228 48 34 286 -8301840.0
533 675 119 51 7 48 178 150 -8999209.0
684 835 260 100 51 110 124 219 -9051172.0
150 384 92 261 56 123 54 211 -9234231.0
212 420 17 199 228 39 34 286 -9236336.0
470 684 233 18 172 192 136 208 -9355181.0
212 420 119 247 7 39 178 234 -9373363.0
880 675 173 226 213 272 291 150 -9395010.0
120 910 42 236 254 234 182 99 -9563954.0
684 675 260 100 51 110 124 150 -9620057.0
677 862 294 17 278 63 73 274 -9657212.0
Mejor: 684 835 260 100 51 110 124 219 -6949718.5

-------------------------------------------------
GENERACIÓN 2
684 835 260 100 51 110 124 219 -6949718.5
684 835 260 100 51 110 124 219 -6949718.5
491 661 64 216 157 243 235 162 -7430546.5
4 634 119 247 7 48 178 234 -7591655.5
350 904 138 251 121 42 225 151 -7824544.5
4 634 17 199 228 48 34 286 -8301840.0
491 661 64 216 157 110 124 219 -8307872.5
4 634 42 247 254 234 178 99 -8601335.0
4 384 92 247 56 123 54 211 -8962290.0
533 675 119 51 7 48 178 150 -8999209.0
684 835 260 100 51 110 124 219 -9051172.0
150 634 119 261 7 48 178 234 -9122159.0
120 910 119 236 7 48 182 234 -9167704.0
150 384 92 261 56 123 54 211 -9234231.0
212 420 17 199 228 39 34 286 -9236336.0
470 684 233 18 172 192 136 208 -9355181.0
Mejor: 684 835 260 100 51 110 124 219 -6949718.5

-------------------------------------------------
GENERACIÓN 3
684 835 260 100 51 110 124 219 -6949718.5
684 835 260 100 51 110 124 219 -6949718.5
491 661 64 216 157 243 235 162 -7430546.5
4 634 119 247 7 48 178 234 -7591655.5
350 904 138 251 121 42 225 151 -7824544.5
4 634 17 199 228 48 34 286 -8301840.0
491 661 64 216 157 110 124 219 -8307872.5
350 904 138 251 121 42 225 151 -8319325.5
4 634 42 247 254 234 178 99 -8601335.0
350 661 138 251 157 42 124 219 -8874517.0
4 384 92 247 56 123 54 211 -8962290.0
533 675 119 51 7 48 178 150 -8999209.0
684 835 260 100 51 110 124 219 -9017774.0
684 835 260 100 51 110 124 219 -9051172.0
684 835 260 100 51 110 124 219 -9121100.0
150 634 119 261 7 48 178 234 -9122159.0
Mejor: 684 835 260 100 51 110 124 219 -6949718.5

-------------------------------------------------
GENERACIÓN 4
684 835 260 100 51 110 124 219 -6949718.5
684 835 260 100 51 110 124 219 -6949718.5
491 661 64 216 157 243 235 162 -7430546.5
4 634 119 247 7 48 178 234 -7591655.5
350 904 138 251 121 42 225 151 -7824544.5
4 634 17 199 228 48 34 286 -8301840.0
491 661 64 216 157 110 124 219 -8307872.5
350 904 138 251 121 42 225 151 -8319325.5
4 904 17 251 121 42 225 151 -8386950.0
4 634 42 247 254 234 178 99 -8601335.0
350 904 138 251 121 42 225 151 -8792033.0
350 661 138 251 157 42 124 219 -8874517.0
4 384 92 247 56 123 54 211 -8962290.0
533 675 119 51 7 48 178 150 -8999209.0
684 835 260 100 51 110 124 219 -9017774.0
533 675 64 51 7 48 124 150 -9044856.0
Mejor: 684 835 260 100 51 110 124 219 -6949718.5

-------------------------------------------------
GENERACIÓN 5
350 904 138 251 121 42 225 151 -6860025.5
684 835 260 100 51 110 124 219 -6949718.5
350 904 138 251 121 42 225 151 -6860025.5
491 661 64 216 157 243 235 162 -7430546.5
4 634 119 247 7 48 178 234 -7591655.5
491 835 260 216 51 110 235 219 -7706926.5
684 661 64 100 157 243 124 162 -7727004.0
350 904 138 251 121 42 225 151 -7824544.5
4 634 17 199 228 48 34 286 -8301840.0
491 661 64 216 157 110 124 219 -8307872.5
350 904 138 251 121 42 225 151 -8319325.5
4 904 17 251 121 42 225 151 -8386950.0
4 634 42 247 254 234 178 99 -8601335.0
350 904 138 251 121 42 225 151 -8792033.0
350 661 138 251 157 42 124 219 -8874517.0
4 384 92 247 56 123 54 211 -8962290.0
Mejor: 350 904 138 251 121 42 225 151 -6860025.5

-------------------------------------------------
GENERACIÓN 6
350 904 138 251 121 42 225 151 -6860025.5
350 904 138 251 121 42 225 151 -6860025.5
684 835 260 100 51 110 124 219 -6949718.5
491 661 64 216 157 243 235 162 -7430546.5
4 634 119 247 7 48 178 234 -7591655.5
491 835 260 216 51 110 235 219 -7706926.5
684 661 64 100 157 243 124 162 -7727004.0
350 904 138 251 121 42 225 151 -7824544.5
491 661 64 216 157 243 235 162 -8171312.0
4 634 17 199 228 48 34 286 -8301840.0
491 661 64 216 157 110 124 219 -8307872.5
350 904 138 251 121 42 225 151 -8319325.5
4 904 17 251 121 42 225 151 -8386950.0
491 835 138 216 121 110 235 219 -8528705.0
4 634 42 247 254 234 178 99 -8601335.0
350 904 138 251 121 42 225 151 -8792033.0
Mejor: 350 904 138 251 121 42 225 151 -6860025.5

-------------------------------------------------
GENERACIÓN 7
491 661 119 216 157 48 235 234 -5127377.5
350 904 138 251 121 42 225 151 -6860025.5
491 661 119 216 157 48 235 234 -5127377.5
684 835 260 100 51 110 124 219 -6949718.5
491 661 64 216 157 243 235 162 -7430546.5
4 634 119 216 157 48 235 162 -7439682.5
4 634 119 247 7 48 178 234 -7591655.5
491 835 260 216 51 110 235 219 -7706926.5
684 661 64 100 157 243 124 162 -7727004.0
350 904 138 251 121 42 225 151 -7824544.5
491 661 64 247 7 243 178 234 -7905274.0
491 661 64 216 157 243 235 162 -8171312.0
4 634 119 247 121 48 225 151 -8216906.5
4 634 17 199 228 48 34 286 -8301840.0
491 661 64 216 157 110 124 219 -8307872.5
350 904 138 251 121 42 225 151 -8319325.5
Mejor: 491 661 119 216 157 48 235 234 -5127377.5

-------------------------------------------------
GENERACIÓN 8
491 661 119 216 157 48 235 234 -5127377.5
491 661 119 216 157 48 235 234 -5127377.5
350 904 138 251 121 42 225 151 -6860025.5
684 835 260 100 51 110 124 219 -6949718.5
491 661 64 216 157 243 235 162 -7430546.5
4 634 119 216 157 48 235 162 -7439682.5
4 634 119 247 7 48 178 234 -7591655.5
491 835 260 216 51 110 235 219 -7706926.5
684 661 64 100 157 243 124 162 -7727004.0
350 904 138 251 121 42 225 151 -7824544.5
491 661 64 247 7 243 178 234 -7905274.0
491 661 64 216 157 243 235 162 -7933367.5
491 661 64 216 157 243 235 162 -8171312.0
4 634 119 247 121 48 225 151 -8216906.5
4 634 17 199 228 48 34 286 -8301840.0
491 661 64 216 157 110 124 219 -8307872.5
Mejor: 491 661 119 216 157 48 235 234 -5127377.5

-------------------------------------------------
GENERACIÓN 9
491 661 119 216 157 48 235 234 -5127377.5
491 661 119 216 157 48 235 234 -5127377.5
4 634 119 247 7 48 178 234 -6267669.5
491 661 119 216 157 48 235 234 -6702399.5
350 904 138 251 121 42 225 151 -6860025.5
684 835 260 100 51 110 124 219 -6949718.5
491 661 64 216 157 243 235 162 -7430546.5
4 634 119 216 157 48 235 162 -7439682.5
4 634 119 247 7 48 178 234 -7591655.5
491 835 260 216 51 110 235 219 -7706926.5
684 661 64 100 157 243 124 162 -7727004.0
350 904 138 251 121 42 225 151 -7824544.5
491 661 64 247 7 243 178 234 -7905274.0
491 661 64 216 157 243 235 162 -7933367.5
491 661 64 216 157 243 235 162 -8171312.0
4 634 119 247 121 48 225 151 -8216906.5
Mejor: 491 661 119 216 157 48 235 234 -5127377.5

-------------------------------------------------
GENERACIÓN 10
491 661 119 216 157 48 235 234 -5127377.5
491 661 119 216 157 48 235 234 -5127377.5
4 634 119 247 7 48 178 234 -6267669.5
491 661 119 216 157 48 235 234 -6702399.5
350 904 138 251 121 42 225 151 -6860025.5
684 835 260 100 51 110 124 219 -6949718.5
491 661 64 216 157 243 235 162 -7430546.5
4 634 119 216 157 48 235 162 -7439682.5
4 634 119 247 7 48 178 234 -7591655.5
491 835 260 216 51 110 235 219 -7706926.5
684 661 64 100 157 243 124 162 -7727004.0
350 904 138 251 121 42 225 151 -7824544.5
491 661 119 216 157 48 235 162 -7902478.5
491 661 64 247 7 243 178 234 -7905274.0
491 661 64 216 157 243 235 162 -7933367.5
350 904 138 216 157 42 225 151 -8136568.0
Mejor: 491 661 119 216 157 48 235 234 -5127377.5

-------------------------------------------------
GENERACIÓN 11
491 661 119 216 157 48 235 234 -5127377.5
491 661 119 216 157 48 235 234 -5127377.5
4 634 119 247 7 48 178 234 -6267669.5
491 661 119 216 157 48 235 234 -6702399.5
350 904 138 251 121 42 225 151 -6860025.5
684 835 260 100 51 110 124 219 -6949718.5
491 661 64 216 157 243 235 162 -7430546.5
4 634 119 216 157 48 235 162 -7439682.5
4 634 119 247 7 48 178 234 -7591655.5
491 835 260 216 51 110 235 219 -7706926.5
684 661 64 100 157 243 124 162 -7727004.0
350 904 138 251 121 42 225 151 -7824544.5
491 661 119 216 157 48 235 162 -7902478.5
491 661 64 247 7 243 178 234 -7905274.0
491 661 64 216 157 243 235 162 -7933367.5
4 634 119 216 157 48 235 162 -7972754.5
Mejor: 491 661 119 216 157 48 235 234 -5127377.5

-------------------------------------------------
GENERACIÓN 12
491 661 119 216 157 48 235 234 -5127377.5
491 661 119 216 157 48 235 234 -5127377.5
4 634 119 247 7 48 178 234 -6267669.5
491 661 119 216 157 48 235 234 -6702399.5
350 904 138 251 121 42 225 151 -6860025.5
684 835 260 100 51 110 124 219 -6949718.5
4 634 119 247 7 48 178 234 -7232460.5
491 661 64 216 157 243 235 162 -7430546.5
4 634 119 216 157 48 235 162 -7439682.5
4 634 119 247 7 48 178 234 -7591655.5
491 835 260 216 51 110 235 219 -7706926.5
684 661 64 100 157 243 124 162 -7727004.0
350 904 138 251 121 42 225 151 -7824544.5
491 661 119 216 157 48 235 162 -7902478.5
491 661 64 247 7 243 178 234 -7905274.0
491 661 64 216 157 243 235 162 -7933367.5
Mejor: 491 661 119 216 157 48 235 234 -5127377.5

-------------------------------------------------
GENERACIÓN 13
491 661 119 216 157 48 235 234 -5127377.5
491 661 119 216 157 48 235 234 -5127377.5
4 634 119 247 7 48 178 234 -6267669.5
491 661 119 216 157 48 235 234 -6702399.5
350 904 138 251 121 42 225 151 -6860025.5
684 835 260 100 51 110 124 219 -6949718.5
4 634 119 247 7 48 178 234 -7232460.5
491 661 64 216 157 243 235 162 -7430546.5
4 634 119 216 157 48 235 162 -7439682.5
4 634 119 247 7 48 178 234 -7591655.5
491 835 260 216 51 110 235 219 -7706926.5
684 661 64 100 157 243 124 162 -7727004.0
350 904 138 251 121 42 225 151 -7824544.5
491 661 119 216 157 48 235 162 -7902478.5
491 661 64 247 7 243 178 234 -7905274.0
491 661 64 216 157 243 235 162 -7933367.5
Mejor: 491 661 119 216 157 48 235 234 -5127377.5

-------------------------------------------------
GENERACIÓN 14
491 661 119 216 157 48 235 234 -5127377.5
491 661 119 216 157 48 235 234 -5127377.5
4 634 119 247 7 48 178 234 -6267669.5
684 661 64 100 157 243 124 162 -6653017.5
491 661 119 216 157 48 235 234 -6702399.5
350 904 138 251 121 42 225 151 -6860025.5
684 835 260 100 51 110 124 219 -6949718.5
4 634 119 247 7 48 178 234 -7232460.5
491 661 64 216 157 243 235 162 -7430546.5
4 634 119 216 157 48 235 162 -7439682.5
4 634 119 247 7 48 178 234 -7591655.5
491 835 260 216 51 110 235 219 -7706926.5
684 661 64 100 157 243 124 162 -7727004.0
350 904 138 251 121 42 225 151 -7824544.5
491 661 119 216 157 48 235 162 -7902478.5
491 661 64 247 7 243 178 234 -7905274.0
Mejor: 491 661 119 216 157 48 235 234 -5127377.5

-------------------------------------------------
GENERACIÓN 15
491 661 119 216 157 48 235 234 -5127377.5
491 661 119 216 157 48 235 234 -5127377.5
684 661 119 216 157 243 124 234 -5815862.5
4 634 119 247 7 48 178 234 -6267669.5
684 661 64 100 157 243 124 162 -6653017.5
491 661 119 216 157 48 235 234 -6702399.5
491 661 64 100 157 48 235 162 -6817964.0
350 904 138 251 121 42 225 151 -6860025.5
684 835 260 100 51 110 124 219 -6949718.5
4 634 119 247 7 48 178 234 -7232460.5
491 661 64 216 157 243 235 162 -7430546.5
4 634 119 216 157 48 235 162 -7439682.5
491 835 260 216 51 110 235 219 -7587975.5
4 634 119 247 7 48 178 234 -7591655.5
491 835 260 216 51 110 235 219 -7706926.5
684 661 64 100 157 243 124 162 -7727004.0
Mejor: 491 661 119 216 157 48 235 234 -5127377.5

-------------------------------------------------
GENERACIÓN 16
491 661 119 216 157 48 235 234 -5127377.5
491 661 119 216 157 48 235 234 -5127377.5
684 661 119 216 157 243 124 234 -5815862.5
4 634 119 247 7 48 178 234 -6267669.5
684 661 64 100 157 243 124 162 -6653017.5
491 661 119 216 157 48 235 234 -6702399.5
491 661 64 100 157 48 235 162 -6817964.0
350 904 138 251 121 42 225 151 -6860025.5
684 835 260 100 51 110 124 219 -6949718.5
4 634 119 247 7 48 178 234 -7232460.5
491 661 64 216 157 243 235 162 -7430546.5
4 634 119 216 157 48 235 162 -7439682.5
491 835 260 216 51 110 235 219 -7587975.5
4 634 119 247 7 48 178 234 -7591655.5
491 835 260 216 51 110 235 219 -7706926.5
684 661 64 100 157 243 124 162 -7727004.0
Mejor: 491 661 119 216 157 48 235 234 -5127377.5

-------------------------------------------------
GENERACIÓN 17
491 661 119 216 157 48 235 234 -5127377.5
491 661 119 216 157 48 235 234 -5127377.5
684 661 119 216 157 243 124 234 -5815862.5
491 661 119 216 157 48 235 234 -6059769.5
4 634 119 247 7 48 178 234 -6267669.5
684 661 64 100 157 243 124 162 -6653017.5
684 661 64 100 157 243 124 162 -6694507.5
491 661 119 216 157 48 235 234 -6702399.5
491 661 64 100 157 48 235 162 -6817964.0
350 904 138 251 121 42 225 151 -6860025.5
684 835 260 100 51 110 124 219 -6949718.5
4 634 119 247 7 48 178 234 -7232460.5
491 661 64 216 157 243 235 162 -7430546.5
4 634 119 216 157 48 235 162 -7439682.5
491 661 119 216 157 48 235 234 -7495657.5
491 835 260 216 51 110 235 219 -7587975.5
Mejor: 491 661 119 216 157 48 235 234 -5127377.5

-------------------------------------------------
GENERACIÓN 18
491 661 119 216 157 48 235 234 -5127377.5
491 661 119 216 157 48 235 234 -5127377.5
684 661 119 216 157 243 124 234 -5815862.5
491 661 119 216 157 48 235 234 -6059769.5
4 634 119 247 7 48 178 234 -6267669.5
684 661 64 100 157 243 124 162 -6653017.5
684 661 64 100 157 243 124 162 -6694507.5
491 661 119 216 157 48 235 234 -6702399.5
491 661 64 100 157 48 235 162 -6817964.0
350 904 138 251 121 42 225 151 -6860025.5
684 835 260 100 51 110 124 219 -6949718.5
491 661 64 216 157 48 235 162 -7094445.5
4 634 119 247 7 48 178 234 -7232460.5
491 661 64 216 157 243 235 162 -7430546.5
4 634 119 216 157 48 235 162 -7439682.5
491 661 119 216 157 48 235 234 -7495657.5
Mejor: 491 661 119 216 157 48 235 234 -5127377.5

-------------------------------------------------
GENERACIÓN 19
491 661 119 216 157 48 235 234 -5127377.5
491 661 119 216 157 48 235 234 -5127377.5
684 661 119 216 157 243 124 234 -5815862.5
491 661 119 216 157 48 235 234 -6059769.5
4 634 119 247 7 48 178 234 -6267669.5
684 661 64 100 157 243 124 162 -6653017.5
684 661 64 100 157 243 124 162 -6694507.5
491 661 119 216 157 48 235 234 -6702399.5
491 661 64 100 157 48 235 162 -6817964.0
350 904 138 251 121 42 225 151 -6860025.5
684 835 260 100 51 110 124 219 -6949718.5
491 661 64 216 157 48 235 162 -7094445.5
4 634 119 247 7 48 178 234 -7232460.5
491 661 64 216 157 243 235 162 -7430546.5
4 634 119 216 157 48 235 162 -7439682.5
491 661 119 216 157 48 235 234 -7495657.5
Mejor: 491 661 119 216 157 48 235 234 -5127377.5

-------------------------------------------------
GENERACIÓN 20
491 661 119 216 157 48 235 234 -5127377.5
491 661 119 216 157 48 235 234 -5127377.5
684 661 119 216 157 243 124 234 -5815862.5
491 661 119 216 157 48 235 234 -5863894.5
491 661 119 216 157 48 235 234 -6059769.5
4 634 119 247 7 48 178 234 -6267669.5
684 661 64 100 157 48 124 162 -6647154.0
684 661 64 100 157 243 124 162 -6653017.5
491 661 119 216 157 48 235 162 -6675159.5
684 661 64 100 157 243 124 162 -6694507.5
491 661 119 216 157 48 235 234 -6702399.5
491 661 64 100 157 48 235 162 -6817964.0
350 904 138 251 121 42 225 151 -6860025.5
684 835 260 100 51 110 124 219 -6949718.5
491 661 64 216 157 48 235 162 -7094445.5
4 634 119 247 7 48 178 234 -7232460.5
Mejor: 491 661 119 216 157 48 235 234 -5127377.5

-------------------------------------------------
