GENERACIÓN 0
185 785 154 37 93 186 84 25 -3643980.8
722 939 227 273 89 211 222 3 -3785764.8
670 720 21 107 144 7 170 268 -4084538.8
65 750 291 5 110 285 84 195 -4565754.0
621 840 98 168 258 74 121 278 -4715413.0
785 842 115 136 183 191 144 229 -4995872.5
710 947 292 237 132 6 208 71 -5406631.5
294 407 289 229 282 137 14 140 -5458730.5
799 823 83 248 95 273 4 32 -5772618.0
528 747 104 230 112 291 100 21 -6273638.0
155 215 281 126 195 34 56 258 -6510635.5
242 927 73 219 267 209 250 263 -6569032.0
572 794 119 253 266 6 272 26 -6748734.5
11 699 196 16 58 9 74 264 -6796760.0
622 663 234 259 206 166 266 117 -7408936.0
106 223 75 104 35 11 67 141 -7598633.5
Mejor: 185 785 154 37 93 186 84 25 -3643980.8

-------------------------------------------------
GENERACIÓN 1
670 720 291 107 144 7 84 268 -3008348.0
294 407 289 229 282 137 14 140 -3441616.2
65 750 21 5 110 285 170 195 -3874178.8
622 663 234 259 206 166 266 117 -3955726.2
722 939 227 273 89 211 222 3 -5310402.5
185 785 154 37 93 186 84 25 -5429438.0
799 823 83 248 95 273 4 32 -5445277.0
106 223 75 104 35 11 67 141 -6060922.5
710 947 292 237 132 6 208 71 -6242100.5
572 794 119 253 266 6 272 26 -6562887.5
621 840 98 168 258 74 121 278 -6649537.5
528 747 104 230 112 291 100 21 -6686139.5
155 215 281 126 195 34 56 258 -6892328.0
785 842 115 136 183 191 144 229 -7447168.0
242 927 73 219 267 209 250 263 -7820162.0
11 699 196 16 58 9 74 264 -8546355.0
Mejor: 670 720 291 107 144 7 84 268 -3008348.0

-------------------------------------------------
GENERACIÓN 2
621 840 98 168 258 74 121 278 -3622405.2
670 407 291 229 282 137 14 140 -3773655.2
528 747 104 230 112 291 100 21 -4147129.0
11 927 196 16 58 209 74 264 -4281502.5
294 720 289 107 144 7 84 268 -4292615.5
185 785 154 273 89 211 84 25 -4866967.0
622 750 234 5 110 285 170 117 -5242483.5
155 842 115 126 183 34 56 258 -5493652.5
722 939 227 37 93 186 222 3 -5585196.5
799 823 83 248 95 273 4 32 -5838914.5
65 663 21 259 206 166 266 195 -6153240.5
572 794 119 253 266 6 272 26 -6532889.5
242 699 73 219 267 9 250 263 -6706369.5
710 947 292 237 132 6 208 71 -6770942.5
106 223 75 104 35 11 67 141 -6959395.5
785 215 281 136 195 191 144 229 -7655702.5
Mejor: 670 720 291 107 144 7 84 268 -3008348.0

-------------------------------------------------
GENERACIÓN 3
106 223 75 104 35 11 67 141 -2458307.2
294 785 154 107 89 7 84 268 -3699903.8
155 842 115 126 183 34 56 258 -3770353.2
621 840 98 168 258 74 121 278 -4164035.2
185 720 289 273 144 211 84 25 -4433225.5
622 750 234 5 110 285 170 117 -4690473.5
710 947 292 237 132 6 208 263 -5810067.5
799 939 83 248 93 186 222 32 -6203532.5
722 823 227 37 95 273 4 3 -6259398.5
572 794 119 253 206 166 266 26 -6378598.5
528 927 196 16 58 209 74 21 -6409642.5
11 747 104 230 112 291 100 264 -6558427.5
65 663 21 259 266 6 272 195 -6901646.0
242 699 73 219 267 9 250 71 -6968589.5
785 215 281 136 195 191 144 229 -7653268.5
670 407 291 229 282 137 14 140 -7721098.5
Mejor: 106 223 75 104 35 11 67 141 -2458307.2

-------------------------------------------------
GENERACIÓN 4
185 720 289 273 144 211 84 25 -3300617.8
106 223 154 104 35 7 67 141 -3570925.2
65 663 73 259 266 6 272 71 -4321991.0
155 840 115 126 258 34 56 258 -4979698.5
622 750 234 5 110 285 170 117 -5495770.5
242 699 21 219 267 9 250 195 -5506171.0
528 927 196 16 58 209 74 21 -5518306.5
722 794 119 37 206 166 4 3 -5735461.5
799 939 292 237 132 6 208 263 -5818706.5
572 823 227 253 95 273 266 26 -5953410.5
11 747 104 230 112 291 100 264 -6073560.0
294 785 75 107 89 11 84 268 -6501393.5
621 842 98 168 183 74 121 278 -6559844.0
670 215 281 229 195 137 14 140 -6900936.0
785 407 291 136 282 191 144 229 -7132526.0
710 947 83 248 93 186 222 32 -7496055.5
Mejor: 106 223 75 104 35 11 67 141 -2458307.2

-------------------------------------------------
GENERACIÓN 5
294 785 75 230 112 11 84 264 -3675820.8
710 947 291 248 282 186 144 32 -5139109.5
670 215 281 229 195 137 14 278 -5421241.0
185 223 289 273 35 7 84 25 -5609734.5
155 663 73 259 258 34 56 71 -5623174.5
242 699 21 219 267 285 250 117 -5660322.0
528 927 119 37 206 166 4 21 -6031346.0
785 407 83 136 93 191 222 229 -6115332.0
622 750 234 5 110 9 170 195 -6166690.5
65 840 115 126 266 6 272 258 -6536918.0
572 823 227 253 95 273 266 26 -6688418.0
722 794 196 16 58 209 74 3 -6777661.5
621 842 98 168 183 74 121 140 -6785514.5
799 939 292 237 132 6 208 263 -6853838.5
11 747 104 107 89 291 100 268 -7503265.5
106 720 154 104 144 211 67 141 -7581642.5
Mejor: 106 223 75 104 35 11 67 141 -2458307.2

-------------------------------------------------
GENERACIÓN 6
185 223 289 273 35 7 84 25 -1853291.4
722 823 227 253 95 209 266 3 -4140632.8
528 407 119 37 93 191 222 229 -4798623.0
710 947 291 230 112 11 84 32 -4879209.5
11 720 104 104 144 291 67 268 -4902361.5
242 699 73 219 267 285 56 117 -5161014.0
670 215 281 229 195 137 14 278 -5261591.5
622 750 234 5 110 9 170 195 -6262942.5
65 840 115 126 266 6 272 258 -6397601.5
106 747 154 107 89 211 100 141 -6499391.5
799 939 292 237 132 6 208 263 -6547487.5
621 842 98 168 183 74 121 140 -6866061.5
785 927 83 136 206 166 4 21 -6906221.5
155 663 21 259 258 34 250 71 -7193761.5
572 794 196 16 58 273 74 26 -7297109.5
294 785 75 248 282 186 144 264 -7927284.0
Mejor: 185 223 289 273 35 7 84 25 -1853291.4

-------------------------------------------------
GENERACIÓN 7
572 785 196 248 282 273 144 26 -4168085.8
621 939 98 237 183 74 121 263 -4426471.5
799 842 292 168 132 6 208 140 -4800929.5
294 794 75 16 58 186 74 264 -4840838.0
185 223 289 273 35 7 84 25 -5096857.5
106 747 115 126 266 211 100 141 -5321939.0
670 215 281 5 110 137 170 195 -5327252.0
710 947 291 230 112 11 84 32 -5336067.5
722 823 227 253 95 209 266 3 -5449476.0
155 927 83 259 258 166 250 71 -5580239.0
242 720 104 219 144 291 56 268 -5823430.5
622 750 234 229 195 9 14 278 -6360150.5
11 699 73 104 267 285 67 117 -6784975.5
528 407 119 37 93 191 222 229 -6785625.5
785 663 21 136 206 34 4 21 -7402038.5
65 840 154 107 89 6 272 258 -7413604.0
Mejor: 185 223 289 273 35 7 84 25 -1853291.4

-------------------------------------------------
GENERACIÓN 8
572 785 98 237 282 273 121 26 -3766998.0
785 840 21 107 89 34 4 258 -4109970.0
710 947 291 230 112 11 84 32 -4209873.5
622 750 234 229 195 9 14 278 -4577739.5
294 794 75 16 58 186 74 264 -4937569.5
242 720 104 219 144 291 56 268 -5171410.5
185 747 289 273 35 7 100 141 -5723002.5
670 215 281 5 110 137 170 195 -6000068.5
11 407 73 104 267 191 222 229 -6000893.5
799 842 292 168 132 6 208 140 -6035883.5
155 823 83 259 258 209 250 3 -6140998.5
106 223 115 126 266 211 84 25 -6508848.0
528 699 119 37 93 285 67 117 -7019482.5
621 939 196 248 183 74 144 263 -7139899.5
65 663 154 136 206 6 272 21 -7561806.0
722 927 227 253 95 166 266 71 -7942762.5
Mejor: 185 223 289 273 35 7 84 25 -1853291.4

-------------------------------------------------
GENERACIÓN 9
670 215 281 273 35 137 170 195 -4019034.2
785 840 21 107 89 34 4 258 -4327163.0
294 794 75 16 58 186 74 264 -4401616.0
710 947 291 230 112 11 84 32 -5011350.5
185 747 289 5 110 7 100 141 -5084324.5
621 939 196 37 93 74 67 117 -5673664.0
242 720 104 219 144 291 56 268 -5712912.0
622 750 234 229 195 9 14 278 -5841606.5
722 927 227 253 95 166 266 71 -6021698.0
572 785 98 237 282 273 121 26 -6210134.0
155 823 83 259 258 209 250 3 -6307461.5
11 407 73 104 267 191 222 229 -6671344.0
528 699 119 248 183 285 144 263 -7069550.5
65 663 154 136 206 6 272 21 -7732344.0
106 223 115 126 266 211 84 25 -7871186.5
799 842 292 168 132 6 208 140 -7945721.5
Mejor: 185 223 289 273 35 7 84 25 -1853291.4

-------------------------------------------------
GENERACIÓN 10
621 939 289 37 110 7 67 117 -4174506.0
572 785 98 237 282 273 121 26 -4472039.5
528 663 154 248 206 285 272 263 -4849371.5
65 699 119 136 183 6 144 21 -5012119.0
106 223 115 126 266 211 84 25 -5409960.5
670 215 281 273 35 34 170 258 -5494870.5
710 947 291 230 112 11 84 32 -5605510.5
799 842 292 168 132 6 208 140 -5616877.5
785 840 21 107 89 137 4 195 -5901560.5
242 720 104 219 144 291 56 268 -5902432.0
722 927 227 253 95 166 266 71 -6137116.5
11 407 73 259 258 209 250 229 -6365917.5
155 823 83 104 267 191 222 3 -6538186.5
185 747 196 5 93 74 100 141 -6699281.5
622 750 234 229 195 9 14 278 -6820312.5
294 794 75 16 58 186 74 264 -6977400.0
Mejor: 185 223 289 273 35 7 84 25 -1853291.4

-------------------------------------------------
GENERACIÓN 11
785 840 21 107 89 137 4 195 -3484248.0
670 215 281 126 35 211 84 25 -3843253.8
528 663 154 248 206 285 272 263 -3941174.0
621 939 289 237 110 7 67 26 -4423738.5
106 223 115 273 266 34 170 258 -5318857.5
722 407 227 259 95 166 266 229 -5364516.0
242 720 104 219 144 291 56 268 -5757326.5
622 750 234 229 195 9 14 278 -5868724.5
65 699 119 136 183 6 144 21 -5906193.5
11 927 73 253 258 209 250 71 -6164976.5
799 947 291 230 112 6 84 140 -6913925.5
294 794 75 16 58 186 74 264 -7110126.5
572 785 98 37 282 273 121 117 -7978646.0
155 823 83 104 267 191 222 3 -8264400.5
710 842 292 168 132 11 208 32 -8321353.5
185 747 196 5 93 74 100 141 -8918751.0
Mejor: 185 223 289 273 35 7 84 25 -1853291.4

-------------------------------------------------
GENERACIÓN 12
242 720 234 229 144 9 56 268 -3870104.0
785 840 21 107 89 137 4 195 -4094514.2
710 842 292 168 132 11 208 32 -4120796.0
621 939 289 237 110 7 67 26 -4477925.0
622 750 104 219 195 291 14 278 -5229995.5
294 794 75 230 58 6 84 140 -5273176.5
11 927 73 253 258 209 250 71 -5463243.5
106 223 227 259 266 166 266 229 -5517727.0
65 699 119 136 183 6 144 21 -5548545.5
799 947 291 16 112 186 74 264 -6070793.5
185 747 196 5 93 74 100 141 -6150718.5
528 663 154 248 206 285 272 263 -6375074.5
722 407 115 273 95 34 170 258 -6407205.5
155 823 98 37 267 191 222 3 -6743536.0
670 215 281 126 35 211 84 25 -7504576.0
572 785 83 104 282 273 121 117 -7856925.5
Mejor: 185 223 289 273 35 7 84 25 -1853291.4

-------------------------------------------------
GENERACIÓN 13
528 663 154 248 206 285 272 263 -4090355.2
799 947 291 16 112 186 74 264 -4415671.5
106 223 227 259 266 166 266 229 -5124290.0
242 720 234 229 144 9 56 268 -5303190.5
65 699 119 136 183 6 144 21 -5777564.5
621 939 289 237 110 7 67 26 -5856450.5
185 747 196 5 93 74 100 141 -5957720.0
785 840 21 107 89 137 4 195 -5965833.5
155 407 115 273 267 34 170 3 -6140661.5
11 927 73 253 258 209 250 71 -6273648.5
670 785 281 126 282 273 121 117 -6299724.0
710 842 292 168 132 11 208 32 -6348897.5
722 823 98 37 95 191 222 258 -6411010.5
572 215 83 104 35 211 84 25 -6953898.5
622 750 104 219 195 291 14 278 -7543992.0
294 794 75 230 58 6 84 140 -7761155.5
Mejor: 185 223 289 273 35 7 84 25 -1853291.4

-------------------------------------------------
GENERACIÓN 14
799 947 291 16 112 186 74 264 -1791233.1
572 215 83 104 35 211 84 25 -3182547.2
11 927 115 253 267 34 250 3 -3217088.0
294 750 75 230 58 291 14 140 -3982592.0
106 223 227 259 266 166 266 229 -4107229.8
621 939 289 237 110 7 67 26 -4691879.0
622 794 104 219 195 6 84 278 -5621498.5
785 840 21 107 89 137 4 195 -5790665.5
242 720 234 229 144 9 56 268 -6249546.0
65 699 119 136 183 6 144 21 -6262225.5
185 747 196 5 93 74 100 141 -6330433.5
710 785 292 126 132 11 121 117 -6669562.0
670 842 281 168 282 273 208 32 -6958412.0
528 663 154 248 206 285 272 263 -7334671.5
155 407 73 273 258 209 170 71 -7509436.5
722 823 98 37 95 191 222 258 -7636054.0
Mejor: 799 947 291 16 112 186 74 264 -1791233.1

-------------------------------------------------
GENERACIÓN 15
242 720 234 229 144 9 56 268 -3491625.2
785 794 21 219 195 137 4 195 -3680047.2
621 939 289 237 110 7 67 26 -4143180.8
11 927 115 253 267 34 250 3 -4571586.5
65 699 119 136 183 6 144 21 -4784488.5
670 842 281 168 282 273 272 32 -5190500.0
106 223 227 259 266 166 266 229 -5295625.5
710 785 292 126 132 11 121 117 -5349006.0
185 747 196 5 93 74 100 141 -5465557.5
155 407 98 37 258 209 170 258 -6219702.5
722 823 73 273 95 191 222 71 -6365644.0
294 750 75 230 58 291 14 140 -6430950.5
528 663 154 248 206 285 208 263 -6845752.0
622 840 104 107 89 6 84 278 -7040443.5
572 215 83 104 35 211 84 25 -7174343.5
799 947 291 16 112 186 74 264 -7859722.5
Mejor: 799 947 291 16 112 186 74 264 -1791233.1

-------------------------------------------------
GENERACIÓN 16
572 215 291 104 35 211 74 25 -2327570.8
722 823 73 273 95 191 222 71 -3346797.8
622 840 154 248 206 285 84 278 -4334020.5
670 699 281 168 282 273 272 21 -4576651.0
11 927 115 253 267 7 67 26 -4616220.5
106 223 227 259 266 166 266 229 -4913009.0
242 794 21 229 195 137 4 195 -5069722.0
785 720 234 219 144 9 56 268 -5097836.5
294 750 75 230 58 291 14 140 -5442821.0
65 842 119 136 183 6 144 32 -5594714.5
155 407 196 5 93 74 170 258 -5602548.0
799 947 83 16 112 186 84 264 -6263655.5
185 747 98 37 258 209 100 141 -6376601.5
528 663 104 107 89 6 208 263 -6462188.0
710 785 292 126 132 11 121 117 -7330396.0
621 939 289 237 110 34 250 3 -8537765.0
Mejor: 799 947 291 16 112 186 74 264 -1791233.1

-------------------------------------------------
GENERACIÓN 17
65 750 75 136 183 291 144 32 -3466245.0
710 785 292 126 132 11 121 117 -4116459.2
799 407 196 16 112 74 84 258 -4273845.5
572 215 291 273 95 211 74 25 -4574972.5
106 927 227 259 267 166 67 229 -5230690.0
242 794 21 229 195 137 4 195 -6022022.0
185 747 98 107 89 209 100 263 -6211896.5
155 947 83 5 93 186 170 264 -6326974.5
670 699 281 248 206 285 84 278 -6330494.0
294 842 119 230 58 6 14 140 -6333984.0
785 720 234 219 144 9 56 268 -6405980.0
621 939 289 237 110 34 250 3 -6815312.0
528 663 104 37 258 6 208 141 -7177489.5
11 223 115 253 266 7 266 26 -7647899.5
622 840 154 168 282 273 272 21 -7834458.5
722 823 73 104 35 191 222 71 -8109429.5
Mejor: 799 947 291 16 112 186 74 264 -1791233.1

-------------------------------------------------
GENERACIÓN 18
799 407 196 273 95 74 74 258 -3355264.8
710 750 75 126 132 291 121 32 -4231634.0
722 823 154 104 35 273 222 21 -4247593.0
185 947 98 5 93 209 100 264 -4476908.5
621 939 289 237 110 34 250 3 -4662236.5
242 794 21 229 195 137 4 195 -4992300.0
528 223 104 37 266 6 266 141 -5424742.5
155 747 83 107 89 186 170 263 -5855620.0
11 663 115 253 258 7 208 26 -5864315.5
106 927 227 259 267 166 67 229 -6035180.0
785 720 234 219 144 9 56 268 -6310306.5
670 699 281 248 206 285 84 278 -6410000.5
294 842 119 230 58 6 14 140 -6932492.5
65 785 292 136 183 11 144 117 -7370572.0
572 215 291 16 112 211 84 25 -7658519.5
622 840 73 168 282 191 272 71 -7862802.5
Mejor: 799 947 291 16 112 186 74 264 -1791233.1

-------------------------------------------------
GENERACIÓN 19
622 840 73 168 282 191 272 71 -3842782.0
785 699 281 248 206 285 56 278 -4251549.5
670 720 234 219 144 9 84 268 -5009993.5
621 794 21 229 110 137 4 3 -5145646.0
799 407 196 126 132 74 121 258 -5435001.5
106 927 227 259 267 166 67 229 -6023842.5
185 947 98 5 93 209 100 264 -6037734.5
528 223 104 37 266 6 266 141 -6266981.5
722 823 154 104 35 273 222 21 -6315714.0
155 747 83 107 89 186 170 263 -6335391.5
11 663 115 253 258 7 208 26 -6580757.5
65 785 292 136 183 11 144 117 -6800548.0
572 215 291 16 112 211 84 25 -6889748.0
294 842 119 230 58 6 14 140 -6949624.5
710 750 75 273 95 291 74 32 -7147182.5
242 939 289 237 195 34 250 195 -7165138.5
Mejor: 799 947 291 16 112 186 74 264 -1791233.1

-------------------------------------------------
GENERACIÓN 20
572 215 291 16 58 6 14 140 -3729590.8
155 747 83 104 35 186 222 21 -3844996.2
185 947 98 5 93 209 100 264 -3980898.8
785 699 281 248 206 285 56 278 -4536878.5
722 823 154 107 89 273 170 263 -4603960.0
106 927 227 259 267 166 67 229 -4928120.5
621 720 234 219 144 9 84 3 -4962339.5
799 407 196 126 132 74 121 258 -5153278.0
528 223 104 37 266 6 266 141 -5175990.5
65 663 292 136 183 11 208 117 -5326513.5
294 842 119 230 112 211 84 25 -5463570.5
710 939 75 273 95 34 74 195 -5733230.0
670 794 21 229 110 137 4 268 -5988111.5
242 750 289 237 195 291 250 32 -6214490.0
622 840 73 168 282 191 272 71 -7185154.5
11 785 115 253 258 7 144 26 -7592934.5
Mejor: 799 947 291 16 112 186 74 264 -1791233.1

-------------------------------------------------
