GENERACIÓN 1
53 545 229 196 115 153 233 266 -0.014373009
759 898 57 133 217 88 295 226 -0.016195701
92 489 169 191 11 13 49 156 -0.017029027
369 315 229 133 217 88 233 226 -0.0172256
92 489 206 68 235 13 287 185 -0.017360533
178 607 206 68 74 17 287 185 -0.018708093
204 372 57 133 217 88 189 226 -0.15707181
204 372 57 133 217 88 189 226 -0.15707181
204 372 57 133 217 88 189 226 -0.15707181
903 921 243 110 115 153 47 266 -0.16577777
903 921 243 110 115 153 47 266 -0.16577777

-------------------------------------------------
GENERACIÓN 2
53 545 229 196 115 153 233 266 -0.014373009
53 545 229 196 115 153 233 266 -0.014373009
759 898 57 133 217 88 295 226 -0.016195701
759 898 57 133 217 88 295 226 -0.016195701
92 489 206 191 235 13 177 156 -0.016743736
271 545 206 68 235 13 233 185 -0.016891588
92 489 206 68 235 13 287 185 -0.017360533
92 489 206 68 235 13 287 185 -0.017360533
204 315 229 133 217 88 233 226 -0.01914602
369 372 57 133 217 239 189 226 -0.024885222
204 372 57 133 217 88 189 226 -0.15707181

-------------------------------------------------
GENERACIÓN 3
53 545 229 196 115 153 233 266 -0.014373009
53 545 229 196 115 153 233 266 -0.014373009
53 545 229 196 115 153 233 266 -0.014373009
759 898 57 133 217 88 295 226 -0.016195701
759 898 57 133 217 88 295 226 -0.016195701
759 898 57 133 217 88 295 226 -0.016195701
759 898 57 133 217 88 295 226 -0.016195701
92 489 206 191 235 13 177 156 -0.016743736
271 545 206 68 235 13 233 185 -0.016891588
92 489 206 68 235 13 287 185 -0.017360533
92 489 206 68 235 13 287 185 -0.017360533

-------------------------------------------------
GENERACIÓN 4
53 545 229 196 115 153 233 266 -0.014373009
53 545 229 196 115 153 233 266 -0.014373009
53 545 229 196 115 153 233 266 -0.014373009
53 545 229 196 115 153 233 266 -0.014373009
53 545 229 196 115 153 233 266 -0.014373009
53 545 229 196 115 153 233 266 -0.014373009
53 545 229 196 115 153 233 266 -0.014373009
53 545 229 196 115 153 233 266 -0.014373009
759 898 57 133 217 88 295 226 -0.016195701
759 898 57 133 217 88 295 226 -0.016195701
92 489 206 191 235 13 177 156 -0.016743736

-------------------------------------------------
GENERACIÓN 5
53 545 229 196 115 153 233 266 -0.014373009
53 545 229 196 115 153 233 266 -0.014373009
53 545 229 196 115 153 233 266 -0.014373009
53 545 229 196 115 153 233 266 -0.014373009
53 545 229 196 115 153 233 266 -0.014373009
53 545 229 196 115 153 233 266 -0.014373009
53 545 229 196 115 153 233 266 -0.014373009
53 545 229 196 115 153 233 266 -0.014373009
53 545 229 196 115 153 233 266 -0.014373009
53 545 229 196 115 153 233 266 -0.014373009
759 898 57 133 217 88 295 226 -0.016195701

-------------------------------------------------
GENERACIÓN 6
53 545 229 196 115 153 233 266 -0.014373009
53 545 229 196 115 153 233 266 -0.014373009
53 545 229 196 115 153 233 266 -0.014373009
53 545 229 196 115 153 233 266 -0.014373009
53 545 229 196 115 153 233 266 -0.014373009
53 545 229 196 115 153 233 266 -0.014373009
53 545 229 196 115 153 233 266 -0.014373009
53 545 229 196 115 153 233 266 -0.014373009
53 545 229 196 115 153 233 266 -0.014373009
53 545 229 196 115 153 233 266 -0.014373009
53 545 229 196 115 153 233 266 -0.014373009

-------------------------------------------------
GENERACIÓN 7
53 545 229 196 115 153 233 266 -0.014373009
53 545 229 196 115 153 233 266 -0.014373009
53 545 229 196 115 153 233 266 -0.014373009
53 545 229 196 115 153 233 266 -0.014373009
53 545 229 196 115 153 233 266 -0.014373009
53 545 229 196 115 153 233 266 -0.014373009
53 545 229 196 115 153 233 266 -0.014373009
53 545 229 196 115 153 233 266 -0.014373009
53 545 229 196 115 153 233 266 -0.014373009
53 545 229 196 115 153 233 266 -0.014373009
53 545 229 196 115 153 233 266 -0.014373009

-------------------------------------------------
GENERACIÓN 8
53 545 229 196 115 153 233 266 -0.013848457
53 545 229 196 115 153 233 266 -0.014373009
53 545 229 196 115 153 233 266 -0.014373009
53 545 229 196 115 153 233 266 -0.014373009
53 545 229 196 115 153 233 266 -0.014373009
53 545 229 196 115 153 233 266 -0.014373009
53 545 229 196 115 153 233 266 -0.014373009
53 545 229 196 115 153 233 266 -0.014373009
53 545 229 196 115 153 233 266 -0.014373009
53 545 229 196 115 153 233 266 -0.014373009
53 545 229 196 115 153 233 266 -0.014373009

-------------------------------------------------
GENERACIÓN 9
53 545 229 196 115 153 233 266 -0.013848457
53 545 229 196 115 153 233 266 -0.013848457
53 545 229 196 115 153 233 266 -0.013848457
53 545 229 196 115 153 233 266 -0.014373009
53 545 229 196 115 153 233 266 -0.014373009
53 545 229 196 115 153 233 266 -0.014373009
53 545 229 196 115 153 233 266 -0.014373009
53 545 229 196 115 153 233 266 -0.014373009
53 545 229 196 115 153 233 266 -0.014373009
53 545 229 196 115 153 233 266 -0.014373009
53 545 229 196 115 153 233 266 -0.014373009

-------------------------------------------------
GENERACIÓN 10
53 545 229 196 115 153 233 266 -0.013848457
53 545 229 196 115 153 233 266 -0.013848457
53 545 229 196 115 153 233 266 -0.013848457
53 545 229 196 115 153 233 266 -0.013848457
53 545 229 196 115 153 233 266 -0.013848457
53 545 229 196 115 153 233 266 -0.013848457
53 545 229 196 115 153 233 266 -0.013848457
53 545 229 196 115 153 233 266 -0.014373009
53 545 229 196 115 153 233 266 -0.014373009
53 545 229 196 115 153 233 266 -0.014373009
53 545 229 196 115 153 233 266 -0.014373009

-------------------------------------------------
GENERACIÓN 11
53 545 229 196 115 153 233 266 -0.013848457
53 545 229 196 115 153 233 266 -0.013848457
53 545 229 196 115 153 233 266 -0.013848457
53 545 229 196 115 153 233 266 -0.013848457
53 545 229 196 115 153 233 266 -0.013848457
53 545 229 196 115 153 233 266 -0.013848457
53 545 229 196 115 153 233 266 -0.013848457
53 545 229 196 115 153 233 266 -0.013848457
53 545 229 196 115 153 233 266 -0.013848457
53 545 229 196 115 153 233 266 -0.013848457
53 545 229 196 115 153 233 266 -0.014373009

-------------------------------------------------
GENERACIÓN 12
53 545 229 196 115 153 233 266 -0.013848457
53 545 229 196 115 153 233 266 -0.013848457
53 545 229 196 115 153 233 266 -0.013848457
53 545 229 196 115 153 233 266 -0.013848457
53 545 229 196 115 153 233 266 -0.013848457
53 545 229 196 115 153 233 266 -0.013848457
53 545 229 196 115 153 233 266 -0.013848457
53 545 229 196 115 153 233 266 -0.013848457
53 545 229 196 115 153 233 266 -0.013848457
53 545 229 196 115 153 233 266 -0.013848457
53 545 229 196 115 153 233 266 -0.013848457

-------------------------------------------------
GENERACIÓN 13
53 545 229 196 115 153 233 266 -0.013848457
53 545 229 196 115 153 233 266 -0.013848457
53 545 229 196 115 153 233 266 -0.013848457
53 545 229 196 115 153 233 266 -0.013848457
53 545 229 196 115 153 233 266 -0.013848457
53 545 229 196 115 153 233 266 -0.013848457
53 545 229 196 115 153 233 266 -0.013848457
53 545 229 196 115 153 233 266 -0.013848457
53 545 229 196 115 153 233 266 -0.013848457
53 545 229 196 115 153 233 266 -0.013848457
53 545 229 196 115 153 233 266 -0.013848457

-------------------------------------------------
GENERACIÓN 14
53 545 229 196 115 153 233 266 -0.013848457
53 545 229 196 115 153 233 266 -0.013848457
53 545 229 196 115 153 233 266 -0.013848457
53 545 229 196 115 153 233 266 -0.013848457
53 545 229 196 115 153 233 266 -0.013848457
53 545 229 196 115 153 233 266 -0.013848457
53 545 229 196 115 153 233 266 -0.013848457
53 545 229 196 115 153 233 266 -0.013848457
53 545 229 196 115 153 233 266 -0.013848457
53 545 229 196 115 153 233 266 -0.013848457
53 545 229 196 115 153 233 266 -0.013848457

-------------------------------------------------
GENERACIÓN 15
53 545 229 196 115 153 233 266 -0.013848457
53 545 229 196 115 153 233 266 -0.013848457
53 545 229 196 115 153 233 266 -0.013848457
53 545 229 196 115 153 233 266 -0.013848457
53 545 229 196 115 153 233 266 -0.013848457
53 545 229 196 115 153 233 266 -0.013848457
53 545 229 196 115 153 233 266 -0.013848457
53 545 229 196 115 153 233 266 -0.013848457
53 545 229 196 115 153 233 266 -0.013848457
53 545 229 196 115 153 233 266 -0.013848457
53 545 229 196 115 153 233 266 -0.013848457

-------------------------------------------------
GENERACIÓN 16
53 545 229 196 115 153 233 266 -0.013848457
53 545 229 196 115 153 233 266 -0.013848457
53 545 229 196 115 153 233 266 -0.013848457
53 545 229 196 115 153 233 266 -0.013848457
53 545 229 196 115 153 233 266 -0.013848457
53 545 229 196 115 153 233 266 -0.013848457
53 545 229 196 115 153 233 266 -0.013848457
53 545 229 196 115 153 233 266 -0.013848457
53 545 229 196 115 153 233 266 -0.013848457
53 545 229 196 115 153 233 266 -0.013848457
53 545 229 196 115 153 233 266 -0.013848457

-------------------------------------------------
GENERACIÓN 17
53 545 229 196 115 153 233 266 -0.013848457
53 545 229 196 115 153 233 266 -0.013848457
53 545 229 196 115 153 233 266 -0.013848457
53 545 229 196 115 153 233 266 -0.013848457
53 545 229 196 115 153 233 266 -0.013848457
53 545 229 196 115 153 233 266 -0.013848457
53 545 229 196 115 153 233 266 -0.013848457
53 545 229 196 115 153 233 266 -0.013848457
53 545 229 196 115 153 233 266 -0.013848457
53 545 229 196 115 153 233 266 -0.013848457
53 545 229 196 115 153 233 266 -0.013848457

-------------------------------------------------
GENERACIÓN 18
53 545 229 196 115 153 233 266 -0.013848457
53 545 229 196 115 153 233 266 -0.013848457
53 545 229 196 115 153 233 266 -0.013848457
53 545 229 196 115 153 233 266 -0.013848457
53 545 229 196 115 153 233 266 -0.013848457
53 545 229 196 115 153 233 266 -0.013848457
53 545 229 196 115 153 233 266 -0.013848457
53 545 229 196 115 153 233 266 -0.013848457
53 545 229 196 115 153 233 266 -0.013848457
53 545 229 196 115 153 233 266 -0.013848457
53 545 229 196 115 153 233 266 -0.013848457

-------------------------------------------------
GENERACIÓN 19
53 545 229 196 115 153 233 266 -0.013848457
53 545 229 196 115 153 233 266 -0.013848457
53 545 229 196 115 153 233 266 -0.013848457
53 545 229 196 115 153 233 266 -0.013848457
53 545 229 196 115 153 233 266 -0.013848457
53 545 229 196 115 153 233 266 -0.013848457
53 545 229 196 115 153 233 266 -0.013848457
53 545 229 196 115 153 233 266 -0.013848457
53 545 229 196 115 153 233 266 -0.013848457
53 545 229 196 115 153 233 266 -0.013848457
53 545 229 196 115 153 233 266 -0.013848457

-------------------------------------------------
GENERACIÓN 20
53 545 229 196 115 153 233 266 -0.013848457
53 545 229 196 115 153 233 266 -0.013848457
53 545 229 196 115 153 233 266 -0.013848457
53 545 229 196 115 153 233 266 -0.013848457
53 545 229 196 115 153 233 266 -0.013848457
53 545 229 196 115 153 233 266 -0.013848457
53 545 229 196 115 153 233 266 -0.013848457
53 545 229 196 115 153 233 266 -0.013848457
53 545 229 196 115 153 233 266 -0.013848457
53 545 229 196 115 153 233 266 -0.013848457
53 545 229 196 115 153 233 266 -0.013848457

-------------------------------------------------
GENERACIÓN 21
53 545 229 196 115 153 233 266 -0.013848457
53 545 229 196 115 153 233 266 -0.013848457
53 545 229 196 115 153 233 266 -0.013848457
53 545 229 196 115 153 233 266 -0.013848457
53 545 229 196 115 153 233 266 -0.013848457
53 545 229 196 115 153 233 266 -0.013848457
53 545 229 196 115 153 233 266 -0.013848457
53 545 229 196 115 153 233 266 -0.013848457
53 545 229 196 115 153 233 266 -0.013848457
53 545 229 196 115 153 233 266 -0.013848457
53 545 229 196 115 153 233 266 -0.013848457

-------------------------------------------------
GENERACIÓN 22
53 545 229 196 115 153 233 266 -0.013848457
53 545 229 196 115 153 233 266 -0.013848457
53 545 229 196 115 153 233 266 -0.013848457
53 545 229 196 115 153 233 266 -0.013848457
53 545 229 196 115 153 233 266 -0.013848457
53 545 229 196 115 153 233 266 -0.013848457
53 545 229 196 115 153 233 266 -0.013848457
53 545 229 196 115 153 233 266 -0.013848457
53 545 229 196 115 153 233 266 -0.013848457
53 545 229 196 115 153 233 266 -0.013848457
53 545 229 196 115 153 233 266 -0.013848457

-------------------------------------------------
GENERACIÓN 23
53 545 229 196 115 153 233 266 -0.013848457
53 545 229 196 115 153 233 266 -0.013848457
53 545 229 196 115 153 233 266 -0.013848457
53 545 229 196 115 153 233 266 -0.013848457
53 545 229 196 115 153 233 266 -0.013848457
53 545 229 196 115 153 233 266 -0.013848457
53 545 229 196 115 153 233 266 -0.013848457
53 545 229 196 115 153 233 266 -0.013848457
53 545 229 196 115 153 233 266 -0.013848457
53 545 229 196 115 153 233 266 -0.013848457
53 545 229 196 115 153 233 266 -0.013848457

-------------------------------------------------
GENERACIÓN 24
53 545 229 196 115 153 233 266 -0.013848457
53 545 229 196 115 153 233 266 -0.013848457
53 545 229 196 115 153 233 266 -0.013848457
53 545 229 196 115 153 233 266 -0.013848457
53 545 229 196 115 153 233 266 -0.013848457
53 545 229 196 115 153 233 266 -0.013848457
53 545 229 196 115 153 233 266 -0.013848457
53 545 229 196 115 153 233 266 -0.013848457
53 545 229 196 115 153 233 266 -0.013848457
53 545 229 196 115 153 233 266 -0.013848457
53 545 229 196 115 153 233 266 -0.013848457

-------------------------------------------------
GENERACIÓN 25
53 545 229 196 115 153 233 266 -0.013848457
53 545 229 196 115 153 233 266 -0.013848457
53 545 229 196 115 153 233 266 -0.013848457
53 545 229 196 115 153 233 266 -0.013848457
53 545 229 196 115 153 233 266 -0.013848457
53 545 229 196 115 153 233 266 -0.013848457
53 545 229 196 115 153 233 266 -0.013848457
53 545 229 196 115 153 233 266 -0.013848457
53 545 229 196 115 153 233 266 -0.013848457
53 545 229 196 115 153 233 266 -0.013848457
53 545 229 196 115 153 233 266 -0.013848457

-------------------------------------------------
GENERACIÓN 26
53 545 229 196 115 153 233 266 -0.013848457
53 545 229 196 115 153 233 266 -0.013848457
53 545 229 196 115 153 233 266 -0.013848457
53 545 229 196 115 153 233 266 -0.013848457
53 545 229 196 115 153 233 266 -0.013848457
53 545 229 196 115 153 233 266 -0.013848457
53 545 229 196 115 153 233 266 -0.013848457
53 545 229 196 115 153 233 266 -0.013848457
53 545 229 196 115 153 233 266 -0.013848457
53 545 229 196 115 153 233 266 -0.013848457
53 545 229 196 115 153 233 266 -0.013848457

-------------------------------------------------
GENERACIÓN 27
53 545 229 196 115 153 233 266 -0.013848457
53 545 229 196 115 153 233 266 -0.013848457
53 545 229 196 115 153 233 266 -0.013848457
53 545 229 196 115 153 233 266 -0.013848457
53 545 229 196 115 153 233 266 -0.013848457
53 545 229 196 115 153 233 266 -0.013848457
53 545 229 196 115 153 233 266 -0.013848457
53 545 229 196 115 153 233 266 -0.013848457
53 545 229 196 115 153 233 266 -0.013848457
53 545 229 196 115 153 233 266 -0.013848457
53 545 229 196 115 153 233 266 -0.013848457

-------------------------------------------------
GENERACIÓN 28
53 545 229 196 115 153 233 266 -0.013848457
53 545 229 196 115 153 233 266 -0.013848457
53 545 229 196 115 153 233 266 -0.013848457
53 545 229 196 115 153 233 266 -0.013848457
53 545 229 196 115 153 233 266 -0.013848457
53 545 229 196 115 153 233 266 -0.013848457
53 545 229 196 115 153 233 266 -0.013848457
53 545 229 196 115 153 233 266 -0.013848457
53 545 229 196 115 153 233 266 -0.013848457
53 545 229 196 115 153 233 266 -0.013848457
53 545 229 196 115 153 233 266 -0.013848457

-------------------------------------------------
GENERACIÓN 29
53 545 229 196 115 153 233 266 -0.013848457
53 545 229 196 115 153 233 266 -0.013848457
53 545 229 196 115 153 233 266 -0.013848457
53 545 229 196 115 153 233 266 -0.013848457
53 545 229 196 115 153 233 266 -0.013848457
53 545 229 196 115 153 233 266 -0.013848457
53 545 229 196 115 153 233 266 -0.013848457
53 545 229 196 115 153 233 266 -0.013848457
53 545 229 196 115 153 233 266 -0.013848457
53 545 229 196 115 153 233 266 -0.013848457
53 545 229 196 115 153 233 266 -0.013848457

-------------------------------------------------
GENERACIÓN 30
53 545 229 196 115 153 233 266 -0.013848457
53 545 229 196 115 153 233 266 -0.013848457
53 545 229 196 115 153 233 266 -0.013848457
53 545 229 196 115 153 233 266 -0.013848457
53 545 229 196 115 153 233 266 -0.013848457
53 545 229 196 115 153 233 266 -0.013848457
53 545 229 196 115 153 233 266 -0.013848457
53 545 229 196 115 153 233 266 -0.013848457
53 545 229 196 115 153 233 266 -0.013848457
53 545 229 196 115 153 233 266 -0.013848457
53 545 229 196 115 153 233 266 -0.013848457

-------------------------------------------------
