GENERACIÓN 0
159 170 168 219 188 48 174 281 -50673.832
78 237 69 156 25 130 275 244 -321996.16
278 319 223 221 259 248 22 72 -340569.5
269 646 118 111 85 231 258 115 -582350.2
52 526 225 277 243 161 88 214 -798254.8
567 880 140 273 267 32 21 46 -1043470.7
21 328 202 189 253 171 116 127 -1082950.5
954 956 100 10 93 21 288 152 -1111611.1
526 947 281 16 256 24 92 198 -1184782.6
391 528 9 189 157 66 251 258 -1262096.1
388 767 278 228 229 50 211 173 -1544444.6
857 868 191 206 59 16 182 6 -1730789.0
696 897 130 21 205 272 249 215 -1942667.5
612 630 283 290 34 96 96 114 -1951744.5
827 865 67 47 184 23 62 170 -1961298.5
354 516 46 66 161 3 10 241 -1984532.6
Mejor: 159 170 168 219 188 48 174 281 -50673.832

-------------------------------------------------
GENERACIÓN 1
388 767 191 206 229 16 211 173 68179.0
954 956 100 10 93 21 288 152 -78870.336
269 646 118 111 259 248 258 72 -135845.0
354 516 46 47 184 3 10 170 -209940.67
52 526 225 277 243 161 88 214 -291848.16
526 947 281 16 157 24 92 258 -420977.34
567 880 140 273 267 32 21 46 -915386.2
612 630 283 290 34 96 96 114 -957595.7
278 319 223 221 85 231 22 115 -1120655.5
696 897 130 21 205 272 249 215 -1189966.0
391 528 9 189 256 66 251 198 -1585486.0
159 237 168 219 188 48 174 281 -1667930.5
21 328 202 189 253 171 116 127 -1833500.4
857 868 278 228 59 50 182 6 -1852116.5
827 865 67 66 161 23 62 241 -2283732.5
78 170 69 156 25 130 275 244 -3027778.0
Mejor: 388 767 191 206 229 16 211 173 68179.0

-------------------------------------------------
GENERACIÓN 2
612 630 283 273 267 96 21 46 343802.66
526 947 281 16 157 24 92 258 84933.336
21 868 278 189 253 171 182 127 -206425.5
857 328 202 228 59 50 116 6 -280824.66
391 528 9 189 256 66 251 198 -330668.34
388 767 191 206 93 16 211 173 -659884.7
696 897 223 221 205 272 249 115 -993086.3
269 516 118 47 184 248 10 170 -1082977.4
52 526 225 277 243 161 88 214 -1677085.6
78 170 67 66 25 23 275 244 -1821896.1
354 646 46 111 259 3 258 72 -1925667.1
278 319 130 21 85 231 22 215 -2160361.8
567 880 140 290 34 32 96 114 -2235229.8
954 956 100 10 229 21 288 152 -2793810.2
159 237 168 219 188 48 174 281 -2890079.2
827 865 69 156 161 130 62 241 -3249165.0
Mejor: 612 630 283 273 267 96 21 46 343802.66

-------------------------------------------------
GENERACIÓN 3
21 868 202 189 253 50 182 127 -308969.34
612 630 283 273 267 96 21 46 -340933.84
857 328 278 228 59 171 116 6 -709327.3
159 237 168 219 161 48 62 241 -762285.3
354 646 46 111 259 3 258 72 -987871.2
78 170 67 66 25 23 275 244 -999846.2
278 319 130 21 85 231 22 215 -1057386.0
696 897 223 221 205 272 249 115 -1220626.6
52 526 225 277 243 161 88 214 -1768651.4
391 528 9 189 256 66 251 198 -1902907.6
954 956 100 10 229 21 288 152 -1912349.9
827 865 69 156 188 130 174 281 -2236634.0
269 516 118 47 184 248 10 170 -2375304.8
567 880 140 290 34 32 96 114 -2387956.8
526 947 281 16 157 24 92 258 -2544832.0
388 767 191 206 93 16 211 173 -3562792.0
Mejor: 612 630 283 273 267 96 21 46 343802.66

-------------------------------------------------
GENERACIÓN 4
391 528 9 189 256 66 251 198 -472930.66
388 767 191 206 93 16 211 173 -660033.8
278 897 223 21 205 231 22 115 -924778.2
567 880 118 47 184 32 10 114 -1132604.9
526 947 281 16 157 24 92 258 -1216044.1
78 170 67 111 259 3 258 72 -1358261.6
159 237 168 219 59 171 62 241 -1795861.1
21 868 202 273 253 96 182 46 -1878204.0
827 865 69 156 188 130 174 281 -1955820.1
52 526 225 277 243 161 88 214 -1962002.1
612 630 283 189 267 50 21 127 -2173902.0
354 646 46 66 25 23 275 244 -2748505.2
954 956 100 10 229 21 288 152 -2756932.8
269 516 140 290 34 248 96 170 -3035134.0
696 319 130 221 85 272 249 215 -3546907.2
857 328 278 228 161 48 116 6 -3838498.8
Mejor: 612 630 283 273 267 96 21 46 343802.66

-------------------------------------------------
GENERACIÓN 5
269 516 100 10 229 21 288 170 -356543.66
857 319 130 221 85 272 116 215 -519217.66
526 947 67 16 157 24 92 72 -1013799.5
159 868 202 219 59 96 182 241 -1153985.5
612 646 283 66 267 23 21 244 -1284101.6
827 865 69 156 188 130 174 281 -1303684.5
391 528 9 189 256 66 211 173 -1381177.6
78 170 281 111 259 3 258 258 -1583936.4
354 630 46 189 25 50 275 127 -2324430.5
52 526 225 277 243 161 88 214 -2367780.2
278 897 223 21 205 231 22 115 -2503575.8
388 767 191 206 93 16 251 198 -2528009.2
954 956 140 290 34 248 96 152 -2561722.0
567 880 118 47 184 32 10 114 -2790851.8
696 328 278 228 161 48 249 6 -2822372.8
21 237 168 273 253 171 62 46 -3887130.8
Mejor: 612 630 283 273 267 96 21 46 343802.66

-------------------------------------------------
GENERACIÓN 6
21 328 278 228 161 171 62 46 623749.2
567 956 140 290 34 32 10 152 -18078.334
954 880 118 47 184 248 96 114 -251015.0
354 526 46 189 25 50 88 214 -739475.5
696 237 168 273 253 48 249 6 -937227.3
526 947 202 219 59 24 182 241 -1027719.3
269 516 100 10 229 21 288 215 -1144793.4
391 528 281 189 256 66 211 173 -1210429.5
159 868 67 16 157 96 92 72 -1399785.0
612 646 283 66 267 23 21 244 -2358578.5
857 319 130 221 85 272 116 170 -2376943.8
52 630 225 277 243 161 275 127 -2413761.2
388 767 191 206 93 16 251 198 -2680424.8
827 865 69 156 188 130 174 281 -2711433.5
78 170 9 111 259 3 258 258 -2974832.8
278 897 223 21 205 231 22 115 -3265735.8
Mejor: 21 328 278 228 161 171 62 46 623749.2

-------------------------------------------------
GENERACIÓN 7
269 516 100 10 229 21 288 215 216821.0
78 170 9 111 259 3 22 115 -359908.66
827 865 191 156 93 130 251 198 -385089.16
388 767 69 206 188 16 174 281 -459087.16
159 868 67 16 157 96 92 72 -482407.66
52 630 130 221 243 272 275 170 -560592.5
696 237 168 273 253 48 249 6 -650299.2
391 528 281 189 256 66 211 173 -947241.0
857 319 225 277 85 161 116 127 -1225967.5
612 646 283 66 267 23 21 244 -1325300.1
21 328 278 228 161 171 62 46 -1496814.0
278 897 223 21 205 231 258 258 -1505622.0
526 947 202 219 59 24 182 241 -1705281.4
954 880 118 47 184 248 96 114 -2295880.5
354 526 46 189 25 50 88 214 -2602212.2
567 956 140 290 34 32 10 152 -3099234.2
Mejor: 21 328 278 228 161 171 62 46 623749.2

-------------------------------------------------
GENERACIÓN 8
827 865 191 156 188 16 251 198 -143638.67
696 237 168 189 256 48 211 173 -322770.0
567 956 140 290 34 32 10 152 -374782.34
526 947 202 219 59 24 182 241 -505991.0
278 897 223 21 205 231 258 258 -628986.8
388 767 69 206 93 130 174 281 -742994.5
159 868 67 16 157 96 92 72 -1419173.0
354 526 46 189 25 50 88 214 -1517899.1
857 319 283 277 85 23 116 127 -1721820.1
78 516 9 111 259 21 288 115 -1856330.5
391 528 281 273 253 66 249 6 -1875850.4
269 170 100 10 229 3 22 215 -2037548.5
954 880 118 47 184 248 96 114 -2388734.5
612 646 225 66 267 161 21 244 -3007888.0
21 328 278 228 161 171 62 46 -3251492.0
52 630 130 221 243 272 275 170 -3293415.2
Mejor: 21 328 278 228 161 171 62 46 623749.2

-------------------------------------------------
GENERACIÓN 9
567 956 202 219 59 24 10 152 370799.34
159 868 67 16 157 96 92 72 90323.836
391 528 281 273 253 66 249 6 -570392.5
612 646 225 66 267 161 21 244 -779036.7
827 865 168 189 188 48 211 198 -865915.8
52 630 130 221 243 272 275 170 -1398815.1
526 947 140 290 34 32 182 241 -1529497.5
269 170 100 10 229 3 22 215 -1684325.9
278 897 69 21 93 130 174 258 -1689650.0
21 328 278 228 161 171 62 46 -2240670.8
354 526 46 189 25 50 88 214 -2260838.0
696 237 191 156 256 16 251 173 -2336714.2
954 880 118 47 184 248 96 114 -2840572.0
78 516 283 111 85 21 116 127 -4018134.0
388 767 223 206 205 231 258 281 -4021817.2
857 319 9 277 259 23 288 115 -4144766.0
Mejor: 21 328 278 228 161 171 62 46 623749.2

-------------------------------------------------
GENERACIÓN 10
354 237 46 189 25 16 251 173 214943.17
52 630 130 221 243 272 275 170 -625050.0
526 947 140 290 34 32 182 241 -762172.8
612 528 281 273 253 66 249 244 -827142.3
78 880 283 111 184 21 96 127 -895003.7
827 865 168 189 188 48 211 198 -1088474.4
21 897 69 21 161 171 174 46 -1297232.0
696 526 191 156 256 50 88 214 -1383437.9
567 956 67 219 59 96 10 152 -1495763.0
269 170 100 10 229 3 22 215 -1501045.0
388 767 223 206 205 231 258 281 -1531153.0
159 868 202 16 157 24 92 72 -1726115.0
954 516 118 47 85 248 116 114 -1916824.0
857 319 9 277 259 23 288 115 -2177569.0
391 646 225 66 267 161 21 6 -3688698.0
278 328 278 228 93 130 62 258 -4428142.0
Mejor: 21 328 278 228 161 171 62 46 623749.2

-------------------------------------------------
GENERACIÓN 11
52 630 130 189 243 272 251 170 -98518.164
567 170 67 219 59 96 10 215 -137549.0
612 528 281 273 253 66 249 244 -435991.34
269 956 100 10 229 3 22 152 -494904.16
391 646 225 66 93 161 62 6 -500158.34
21 897 69 156 161 50 88 214 -884832.7
827 865 168 189 184 48 211 127 -1204846.5
278 328 278 228 267 130 21 258 -1465843.5
954 516 118 47 85 248 116 114 -1926771.4
388 767 202 16 157 231 258 281 -2000032.0
696 526 191 21 256 171 174 46 -2012014.0
354 237 46 221 25 16 275 173 -2453486.8
159 868 223 206 205 24 92 72 -2477184.0
78 880 283 111 188 21 96 198 -2524447.5
857 319 9 277 259 23 288 115 -2548404.2
526 947 140 290 34 32 182 241 -2890919.0
Mejor: 21 328 278 228 161 171 62 46 623749.2

-------------------------------------------------
GENERACIÓN 12
269 956 281 10 229 66 249 152 240750.5
526 947 140 277 34 23 182 241 -294813.0
52 630 67 189 243 96 251 215 -309671.5
278 328 278 228 267 130 21 258 -510644.66
612 528 100 273 253 3 22 244 -537691.7
954 767 118 16 157 248 258 281 -931320.8
696 526 191 21 25 171 275 173 -940054.2
857 319 9 290 259 32 288 115 -983365.0
159 868 223 206 205 24 92 72 -1065021.5
354 237 46 221 256 16 174 46 -1192720.9
21 646 69 156 93 50 62 6 -1580966.9
78 880 283 111 188 21 96 198 -2031318.0
388 516 202 47 85 231 116 114 -2177782.2
827 865 168 189 184 48 211 127 -2913477.2
391 897 225 66 161 161 88 214 -3132844.2
567 170 130 219 59 272 10 170 -3484167.2
Mejor: 21 328 278 228 161 171 62 46 623749.2

-------------------------------------------------
GENERACIÓN 13
696 319 191 21 259 32 288 115 -121524.664
159 868 223 206 205 24 92 72 -309652.34
827 865 168 189 85 48 211 127 -660046.7
391 897 130 66 59 161 10 214 -670881.5
954 767 118 16 157 248 22 244 -719435.8
388 516 202 47 184 231 116 114 -1001433.3
354 237 46 221 256 16 174 46 -1065571.0
567 170 225 219 161 272 88 170 -1084067.0
52 328 67 189 243 130 251 215 -1457290.9
78 880 283 111 188 21 96 198 -1474405.6
269 956 281 10 229 66 249 241 -1517823.0
857 526 9 290 25 171 275 173 -1555997.0
612 528 100 273 253 3 258 281 -2027750.6
526 947 140 277 34 23 182 152 -2062733.5
21 646 69 156 93 50 62 6 -3235650.0
278 630 278 228 267 96 21 258 -3713256.8
Mejor: 21 328 278 228 161 171 62 46 623749.2

-------------------------------------------------
GENERACIÓN 14
696 319 191 21 259 32 288 115 404326.66
526 528 140 273 34 3 182 152 107481.664
388 516 202 16 184 231 116 244 -261498.17
278 630 278 228 267 96 21 258 -770812.7
52 328 283 111 243 130 251 215 -779640.8
269 956 281 10 229 171 249 173 -903089.5
159 868 223 206 205 24 92 72 -1044831.7
354 237 46 221 256 16 174 46 -1512578.0
567 170 225 219 161 272 88 170 -1520966.6
612 947 100 277 253 23 258 281 -1847778.0
78 880 67 189 188 21 96 198 -2107034.5
21 646 69 156 93 50 62 6 -2146314.2
954 767 118 47 157 248 22 114 -2271575.2
391 897 168 66 59 161 10 127 -2752103.0
857 526 9 290 25 66 275 241 -2866718.8
827 865 130 189 85 48 211 214 -3981989.2
Mejor: 21 328 278 228 161 171 62 46 623749.2

-------------------------------------------------
GENERACIÓN 15
857 526 9 290 25 66 275 241 498746.66
388 630 278 16 184 231 116 244 220158.0
526 528 140 273 34 3 288 152 195097.67
78 880 67 156 188 50 62 198 186279.67
52 328 281 111 243 171 249 215 -325383.0
21 646 69 189 93 21 96 6 -705604.3
696 319 191 21 259 32 182 115 -1204019.5
827 865 130 189 85 48 211 214 -1437878.6
567 170 225 219 161 272 88 170 -1479192.0
269 956 283 10 229 130 251 173 -1484358.4
391 767 168 47 59 161 10 114 -1761898.9
159 868 46 206 205 16 174 46 -1810754.6
354 237 223 221 256 24 92 72 -2060392.4
954 897 118 66 157 248 22 127 -2307514.2
612 947 100 277 253 23 258 281 -2762985.8
278 516 202 228 267 96 21 258 -3160085.0
Mejor: 21 328 278 228 161 171 62 46 623749.2

-------------------------------------------------
GENERACIÓN 16
388 630 9 290 25 231 116 244 -99101.0
391 767 168 47 205 161 174 114 -230721.67
78 880 67 156 188 50 62 198 -278338.34
612 947 202 277 253 23 21 258 -309249.66
857 526 278 16 184 66 275 241 -556586.0
159 868 46 206 59 16 10 46 -731628.7
567 170 283 219 229 272 251 170 -827905.8
696 865 191 189 85 32 211 214 -1045074.3
526 528 140 273 34 3 288 152 -1119300.6
278 516 100 228 267 96 258 281 -1214165.5
354 237 223 221 157 24 92 127 -1445180.5
827 319 130 21 259 48 182 115 -1556976.0
21 646 69 111 93 21 249 215 -1915213.9
269 956 225 10 161 130 88 173 -1934353.1
954 897 118 66 256 248 22 72 -2224418.8
52 328 281 189 243 171 96 6 -3202002.0
Mejor: 21 328 278 228 161 171 62 46 623749.2

-------------------------------------------------
GENERACIÓN 17
954 328 118 66 243 248 22 6 -49804.0
159 526 278 16 59 66 275 46 -203914.0
21 646 69 10 93 130 249 173 -346351.0
391 767 168 47 205 161 174 114 -354934.0
269 956 225 111 161 21 88 215 -796137.5
857 868 46 206 184 16 10 241 -1118414.5
526 516 100 273 267 3 288 281 -1224465.1
78 880 67 156 188 50 62 198 -1433825.9
278 528 140 228 34 96 258 152 -1514434.6
388 630 9 290 25 231 116 244 -1574697.1
567 170 283 219 229 272 251 170 -1689655.0
52 897 281 189 256 171 96 72 -1933360.6
612 947 202 277 253 23 21 258 -1982409.4
827 237 130 221 157 48 92 127 -2176320.5
696 865 191 189 85 32 211 214 -2474723.5
354 319 223 21 259 24 182 115 -2702293.2
Mejor: 21 328 278 228 161 171 62 46 623749.2

-------------------------------------------------
GENERACIÓN 18
269 956 46 111 161 16 10 215 -304289.0
388 630 9 290 25 231 116 244 -812075.8
567 170 283 219 256 171 96 72 -838711.0
696 319 223 21 259 32 182 214 -986444.0
354 865 191 189 85 24 211 115 -1286873.0
526 516 100 273 267 3 288 281 -1392343.4
612 947 202 221 253 23 21 258 -1481414.0
159 526 278 16 59 66 275 46 -1587013.9
857 868 225 206 184 21 88 241 -1707685.6
954 328 118 66 243 248 22 6 -1845085.5
21 646 69 10 93 130 249 173 -1951296.1
278 528 140 228 34 96 258 152 -2083771.9
78 880 67 156 188 50 62 198 -2338775.0
391 767 168 47 205 161 174 114 -2390539.0
52 897 281 189 229 272 251 170 -2584454.8
827 237 130 277 157 48 92 127 -2801302.0
Mejor: 21 328 278 228 161 171 62 46 623749.2

-------------------------------------------------
GENERACIÓN 19
827 897 281 189 157 272 92 127 -128873.0
78 767 168 156 205 50 62 198 -800947.7
278 528 140 228 34 96 258 152 -805485.7
388 630 9 290 161 16 116 244 -942901.0
391 880 67 47 188 161 174 114 -1122443.4
526 865 191 189 267 3 288 115 -1439416.5
567 319 223 219 256 171 96 72 -1583620.4
354 516 100 273 85 24 211 281 -1585441.0
52 237 130 277 229 48 251 170 -1598808.9
954 328 225 66 243 21 22 6 -1928507.5
269 956 46 111 25 231 10 215 -1960418.0
612 947 202 221 59 66 21 46 -2132433.0
696 170 283 21 259 32 182 214 -2262471.2
159 526 278 16 253 23 275 258 -2340743.0
21 646 69 10 93 130 249 173 -2530214.0
857 868 118 206 184 248 88 241 -2593885.5
Mejor: 21 328 278 228 161 171 62 46 623749.2

-------------------------------------------------
GENERACIÓN 20
388 630 9 290 161 16 116 244 477032.5
278 528 140 228 34 96 258 152 -393415.84
391 880 67 47 188 161 174 114 -431179.34
612 947 202 221 59 66 21 46 -458858.5
827 897 281 189 157 272 92 127 -607603.0
52 328 130 66 229 48 22 170 -667168.0
954 237 225 277 243 21 251 6 -950309.0
696 526 283 21 253 32 275 258 -1245597.1
269 956 46 111 25 231 10 215 -1562712.0
21 646 69 10 93 130 249 173 -1749128.6
567 319 223 219 256 171 96 72 -1865895.9
78 767 168 156 205 50 62 198 -2003712.0
857 868 118 206 184 248 88 241 -2097208.2
526 865 191 189 267 3 288 115 -2485188.2
159 170 278 16 259 23 182 214 -3070060.0
354 516 100 273 85 24 211 281 -3076422.0
Mejor: 21 328 278 228 161 171 62 46 623749.2

-------------------------------------------------
