GENERACIÓN 0
63 947 497 461 -1.086457E7
482 613 372 140 -1.086457E7
797 967 191 486 -1.086457E7
338 999 32 465 -1.086457E7
283 441 353 143 -1.086457E7
115 166 12 185 -1.086457E7
677 719 332 156 -1.086457E7
789 915 271 67 -1.086457E7
191 962 306 452 -1.086457E7
845 877 153 74 -1.086457E7
625 664 181 352 -1.086457E7
634 940 243 90 -1.086457E7
311 534 368 482 -1.086457E7
768 917 219 232 -1.086457E7
152 892 94 338 -1.086457E7
268 614 202 212 -1.086457E7
Mejor: 63 947 497 461 -1.086457E7

-------------------------------------------------
