GENERACIÓN 0
934 956 154 97 147 4 296 209 -38544.168
351 592 189 217 279 166 146 152 -178745.67
497 919 32 100 92 174 131 68 -514671.84
246 401 266 168 248 156 287 3 -1057469.6
209 499 105 192 148 222 58 149 -1258339.0
603 605 37 194 166 56 9 189 -1452424.0
91 698 45 253 245 40 286 134 -1526728.0
298 567 84 101 64 125 203 258 -1560517.0
16 92 54 217 294 267 230 31 -1568442.6
374 419 211 219 246 204 190 281 -1579645.9
158 522 31 157 248 128 188 37 -1758926.1
466 719 90 178 20 94 127 31 -1897777.5
119 373 96 156 147 8 293 25 -1975431.9
602 661 241 197 292 211 253 70 -2175964.0
838 842 24 124 86 113 207 264 -2549173.8
234 569 218 67 2 149 18 153 -2634090.8
Mejor: 934 956 154 97 147 4 296 209 -38544.168

-------------------------------------------------
GENERACIÓN 1
16 92 54 217 294 267 230 31 78723.836
158 919 32 100 248 128 188 37 15797.667
16 92 54 217 294 267 230 31 78723.836
298 592 84 101 279 125 203 258 -151062.67
351 592 189 217 279 166 146 152 -178745.67
374 419 211 219 92 174 190 281 -312968.16
209 499 105 192 148 222 58 149 -471911.0
497 919 32 100 92 174 131 68 -514671.84
934 956 189 97 147 4 296 209 -638307.2
374 92 211 217 246 204 190 281 -650297.0
246 401 266 168 248 125 287 3 -656987.3
603 605 37 194 166 56 9 189 -700471.7
351 592 154 217 279 166 146 152 -828137.2
497 522 31 157 92 174 131 68 -882749.8
246 401 266 168 248 156 287 3 -1057469.6
209 499 105 192 148 222 58 149 -1258339.0
Mejor: 16 92 54 217 294 267 230 31 78723.836

-------------------------------------------------
GENERACIÓN 2
16 92 54 217 294 267 230 31 78723.836
16 92 54 217 294 267 230 31 78723.836
158 919 32 100 248 128 188 37 15797.667
298 592 84 101 279 125 203 258 -151062.67
351 592 189 217 279 166 146 152 -178745.67
374 419 211 219 92 174 190 281 -312968.16
209 499 105 192 148 222 58 149 -471911.0
497 919 32 100 92 174 131 68 -514671.84
209 956 105 192 147 222 296 149 -612131.8
209 499 105 192 148 222 58 149 -635895.0
934 956 189 97 147 4 296 209 -638307.2
374 92 211 217 246 204 190 281 -650297.0
246 401 266 168 248 125 287 3 -656987.3
603 605 37 194 166 56 9 189 -700471.7
351 592 154 217 279 166 146 152 -828137.2
351 592 105 192 279 222 58 152 -856840.8
Mejor: 16 92 54 217 294 267 230 31 78723.836

-------------------------------------------------
GENERACIÓN 3
158 919 32 100 248 128 188 37 815319.8
298 499 105 101 279 125 203 149 252932.5
16 92 54 217 294 267 230 31 78723.836
158 919 32 100 248 128 188 37 815319.8
158 919 32 100 248 128 188 37 15797.667
158 919 84 101 279 125 188 258 -91342.164
298 592 84 101 279 125 203 258 -151062.67
351 592 189 217 279 166 146 152 -178745.67
374 419 211 219 92 174 190 281 -312968.16
209 499 105 192 148 222 58 149 -471911.0
497 919 32 100 92 174 131 68 -514671.84
209 956 105 192 147 222 296 149 -612131.8
298 592 84 101 279 125 203 258 -628540.5
209 499 105 192 148 222 58 149 -635895.0
934 956 189 97 147 4 296 209 -638307.2
374 92 211 217 246 204 190 281 -650297.0
Mejor: 158 919 32 100 248 128 188 37 815319.8

-------------------------------------------------
GENERACIÓN 4
158 919 32 100 248 128 188 37 815319.8
158 919 32 100 248 128 188 37 815319.8
298 499 105 101 279 125 203 149 252932.5
16 92 54 217 294 267 230 31 78723.836
158 919 32 100 248 128 188 37 15797.667
209 919 32 100 148 128 58 37 -27257.666
158 919 84 101 279 125 188 258 -91342.164
16 92 54 217 294 267 230 31 -128785.0
298 592 84 101 279 125 203 258 -151062.67
351 592 189 217 279 166 146 152 -178745.67
374 419 211 219 92 174 190 281 -312968.16
158 919 32 100 248 128 188 37 -327418.0
209 499 105 192 148 222 58 149 -339362.34
298 592 84 101 279 125 203 258 -399185.84
209 499 105 192 148 222 58 149 -471911.0
497 919 32 100 92 174 131 68 -514671.84
Mejor: 158 919 32 100 248 128 188 37 815319.8

-------------------------------------------------
GENERACIÓN 5
158 919 32 100 248 128 188 37 815319.8
158 919 32 100 248 128 188 37 815319.8
298 499 105 101 279 125 203 149 252932.5
16 92 54 217 294 267 230 31 78723.836
158 919 32 100 248 128 188 37 15797.667
209 919 32 100 148 128 58 37 -27257.666
158 919 84 101 279 125 188 258 -91342.164
16 92 54 217 294 267 230 31 -97293.164
16 92 54 217 294 267 230 31 -128785.0
298 592 84 101 279 125 203 258 -151062.67
351 592 189 217 279 166 146 152 -178745.67
374 419 211 219 92 174 190 281 -312968.16
158 919 32 100 248 128 188 37 -327418.0
209 499 105 192 148 222 58 149 -339362.34
298 592 84 101 279 125 203 258 -399185.84
209 499 105 192 148 222 58 149 -471911.0
Mejor: 158 919 32 100 248 128 188 37 815319.8

-------------------------------------------------
GENERACIÓN 6
158 919 32 100 248 128 188 37 815319.8
158 919 32 100 248 128 188 37 815319.8
298 499 105 101 279 125 203 149 252932.5
16 92 54 217 294 267 230 31 78723.836
158 919 32 100 248 128 188 37 15797.667
209 919 32 100 148 128 58 37 -27257.666
158 919 84 101 279 125 188 258 -91342.164
16 92 54 217 294 267 230 31 -97293.164
16 92 54 217 294 267 230 31 -128785.0
374 419 32 219 248 174 188 37 -131202.17
298 592 84 101 279 125 203 258 -151062.67
351 592 189 217 279 166 146 152 -178745.67
374 419 211 219 92 174 190 281 -312968.16
158 919 32 100 248 128 188 37 -327418.0
209 499 105 192 148 222 58 149 -339362.34
298 592 84 101 279 125 203 258 -399185.84
Mejor: 158 919 32 100 248 128 188 37 815319.8

-------------------------------------------------
GENERACIÓN 7
158 919 32 100 248 128 188 37 815319.8
158 919 32 100 248 128 188 37 815319.8
298 499 105 101 279 125 203 149 252932.5
16 92 54 217 294 267 230 31 78723.836
158 919 32 100 248 128 188 37 15797.667
209 919 32 100 148 128 58 37 -27257.666
158 919 84 101 279 125 188 258 -91342.164
16 92 54 217 294 267 230 31 -97293.164
16 92 54 217 294 267 230 31 -128785.0
374 419 32 219 248 174 188 37 -131202.17
298 592 84 101 279 125 203 258 -151062.67
351 592 189 217 279 166 146 152 -178745.67
158 919 84 101 279 125 188 258 -263480.5
158 919 32 100 248 128 188 37 -264739.34
374 419 211 219 92 174 190 281 -312968.16
158 919 32 100 248 128 188 37 -327418.0
Mejor: 158 919 32 100 248 128 188 37 815319.8

-------------------------------------------------
GENERACIÓN 8
158 919 32 100 248 128 188 37 815319.8
158 919 32 100 248 128 188 37 815319.8
298 499 105 101 279 125 203 149 252932.5
16 92 54 217 294 267 230 31 78723.836
158 919 32 100 248 128 188 37 15797.667
209 919 32 100 148 128 58 37 -27257.666
158 919 84 101 279 125 188 258 -91342.164
16 92 54 217 294 267 230 31 -97293.164
16 92 54 217 294 267 230 31 -128785.0
374 419 32 219 248 174 188 37 -131202.17
298 592 84 101 279 125 203 258 -151062.67
351 592 189 217 279 166 146 152 -178745.67
158 919 84 101 279 125 188 258 -263480.5
158 919 32 100 248 128 188 37 -264739.34
374 419 211 219 92 174 190 281 -312968.16
158 919 32 100 248 128 188 37 -327418.0
Mejor: 158 919 32 100 248 128 188 37 815319.8

-------------------------------------------------
GENERACIÓN 9
158 919 32 100 248 128 188 37 815319.8
158 919 32 100 248 128 188 37 815319.8
298 499 105 101 279 125 203 149 252932.5
16 92 54 217 294 267 230 31 78723.836
158 919 32 100 248 128 188 37 15797.667
209 919 32 100 148 128 58 37 -27257.666
158 919 84 101 279 125 188 258 -91342.164
16 92 54 217 294 267 230 31 -97293.164
16 92 54 217 294 267 230 31 -128785.0
374 419 32 219 248 174 188 37 -131202.17
298 592 84 101 279 125 203 258 -151062.67
351 592 189 217 279 166 146 152 -178745.67
158 919 84 101 279 125 188 258 -263480.5
158 919 32 100 248 128 188 37 -264739.34
374 419 211 219 92 174 190 281 -312968.16
158 919 32 100 248 128 188 37 -327418.0
Mejor: 158 919 32 100 248 128 188 37 815319.8

-------------------------------------------------
GENERACIÓN 10
158 919 32 100 248 128 188 37 815319.8
158 919 32 100 248 128 188 37 815319.8
374 92 32 219 248 267 188 31 523666.66
298 499 105 101 279 125 203 149 252932.5
16 92 54 217 294 267 230 31 78723.836
158 919 32 100 248 128 188 37 15797.667
209 919 32 100 148 128 58 37 -27257.666
158 919 84 101 279 125 188 258 -91342.164
16 92 54 217 294 267 230 31 -97293.164
16 92 54 217 294 267 230 31 -128785.0
374 419 32 219 248 174 188 37 -131202.17
298 592 84 101 279 125 203 258 -151062.67
351 592 189 217 279 166 146 152 -178745.67
158 919 84 101 279 125 188 258 -263480.5
158 919 32 100 248 128 188 37 -264739.34
374 419 211 219 92 174 190 281 -312968.16
Mejor: 158 919 32 100 248 128 188 37 815319.8

-------------------------------------------------
GENERACIÓN 11
158 919 32 100 248 128 188 37 815319.8
158 919 32 100 248 128 188 37 815319.8
374 92 32 219 248 267 188 31 582405.8
374 92 32 219 248 267 188 31 523666.66
298 499 105 101 279 125 203 149 252932.5
16 92 54 217 248 267 230 31 80823.5
16 92 54 217 294 267 230 31 78723.836
158 919 32 100 248 128 188 37 15797.667
209 919 32 100 148 128 58 37 -27257.666
158 919 84 101 279 125 188 258 -91342.164
16 92 54 217 294 267 230 31 -97293.164
209 919 84 101 148 125 188 37 -128406.664
16 92 54 217 294 267 230 31 -128785.0
374 419 32 219 248 174 188 37 -131202.17
298 592 84 101 279 125 203 258 -151062.67
351 592 189 217 279 166 146 152 -178745.67
Mejor: 158 919 32 100 248 128 188 37 815319.8

-------------------------------------------------
GENERACIÓN 12
158 919 32 100 248 128 188 37 815319.8
158 919 32 100 248 128 188 37 815319.8
374 92 32 219 248 267 188 31 582405.8
374 92 32 219 248 267 188 31 523666.66
298 499 105 101 279 125 203 149 252932.5
16 92 54 217 248 267 230 31 80823.5
16 92 54 217 294 267 230 31 78723.836
16 919 54 217 248 125 230 31 73337.5
158 919 32 100 248 128 188 37 15797.667
209 919 32 100 148 128 58 37 -27257.666
158 919 84 101 279 125 188 258 -91342.164
16 92 54 217 294 267 230 31 -97293.164
209 919 84 101 148 125 188 37 -128406.664
16 92 54 217 294 267 230 31 -128785.0
374 419 32 219 248 174 188 37 -131202.17
298 592 84 101 279 125 203 258 -151062.67
Mejor: 158 919 32 100 248 128 188 37 815319.8

-------------------------------------------------
GENERACIÓN 13
209 919 84 101 279 125 203 37 1038633.7
158 919 32 100 248 128 188 37 815319.8
209 919 84 101 279 125 203 37 1038633.7
374 92 32 219 248 267 188 31 582405.8
374 92 32 219 248 267 188 31 523666.66
298 499 105 101 279 125 203 149 252932.5
16 92 54 217 248 267 230 31 80823.5
16 92 54 217 294 267 230 31 78723.836
16 919 54 217 248 125 230 31 73337.5
158 919 32 100 248 128 188 37 15797.667
209 919 32 100 148 128 58 37 -27257.666
158 919 84 101 279 125 188 258 -91342.164
16 92 54 217 294 267 230 31 -97293.164
209 919 84 101 148 125 188 37 -128406.664
16 92 54 217 294 267 230 31 -128785.0
374 419 32 219 248 174 188 37 -131202.17
Mejor: 209 919 84 101 279 125 203 37 1038633.7

-------------------------------------------------
GENERACIÓN 14
209 919 84 101 279 125 203 37 1038633.7
209 919 84 101 279 125 203 37 1038633.7
158 919 32 100 248 128 188 37 815319.8
374 92 32 219 248 267 188 31 582405.8
374 92 32 219 248 267 188 31 523666.66
16 919 54 100 248 128 188 37 407306.34
298 499 105 101 279 125 203 149 252932.5
158 92 32 217 248 267 230 31 128209.0
16 92 54 217 248 267 230 31 80823.5
16 92 54 217 294 267 230 31 78723.836
16 919 54 217 248 125 230 31 73337.5
158 919 32 100 248 128 188 37 15797.667
209 919 32 100 148 128 58 37 -27257.666
158 919 84 101 279 125 188 258 -91342.164
16 92 54 217 294 267 230 31 -97293.164
209 919 84 101 148 125 188 37 -128406.664
Mejor: 209 919 84 101 279 125 203 37 1038633.7

-------------------------------------------------
GENERACIÓN 15
209 919 84 101 279 125 203 37 1038633.7
209 919 84 101 279 125 203 37 1038633.7
158 919 32 100 248 128 188 37 815319.8
374 92 32 219 248 267 188 31 582405.8
374 92 32 219 248 267 188 31 523666.66
16 919 54 100 248 128 188 37 407306.34
298 499 105 101 279 125 203 149 252932.5
158 92 32 217 248 267 230 31 128209.0
16 92 54 217 248 267 230 31 80823.5
16 92 54 217 294 267 230 31 78723.836
16 919 54 217 248 125 230 31 73337.5
158 919 32 100 248 128 188 37 15797.667
209 919 32 100 148 128 58 37 -27257.666
158 919 84 101 279 125 188 258 -91342.164
16 92 54 217 294 267 230 31 -97293.164
209 919 84 101 148 125 188 37 -128406.664
Mejor: 209 919 84 101 279 125 203 37 1038633.7

-------------------------------------------------
GENERACIÓN 16
209 919 84 101 279 125 203 37 1038633.7
209 919 84 101 279 125 203 37 1038633.7
158 919 32 100 248 128 188 37 815319.8
374 92 32 219 248 267 188 31 582405.8
374 92 32 219 248 267 188 31 523666.66
16 919 54 100 248 128 188 37 407306.34
298 499 105 101 279 125 203 149 252932.5
374 92 32 217 248 267 230 31 205647.5
158 92 32 217 248 267 230 31 128209.0
16 92 54 217 248 267 230 31 80823.5
16 92 54 217 294 267 230 31 78723.836
16 919 54 217 248 125 230 31 73337.5
158 919 32 100 248 128 188 37 15797.667
209 919 32 100 148 128 58 37 -27257.666
158 919 84 101 279 125 188 258 -91342.164
16 92 54 217 294 267 230 31 -97293.164
Mejor: 209 919 84 101 279 125 203 37 1038633.7

-------------------------------------------------
GENERACIÓN 17
209 919 84 101 279 125 203 37 1038633.7
209 919 84 101 279 125 203 37 1038633.7
158 919 32 100 248 128 188 37 815319.8
374 92 32 219 248 267 188 31 582405.8
374 92 32 219 248 267 188 31 523666.66
16 919 54 100 248 128 188 37 407306.34
298 499 105 101 279 125 203 149 252932.5
374 92 32 217 248 267 230 31 205647.5
158 92 32 217 248 267 230 31 128209.0
16 92 54 217 248 267 230 31 93642.164
16 92 54 217 248 267 230 31 80823.5
16 92 54 217 294 267 230 31 78723.836
16 919 54 217 248 125 230 31 73337.5
158 919 32 100 248 128 188 37 15797.667
209 919 32 100 148 128 58 37 -27257.666
158 919 84 101 279 125 188 258 -91342.164
Mejor: 209 919 84 101 279 125 203 37 1038633.7

-------------------------------------------------
GENERACIÓN 18
209 919 84 101 279 125 203 37 1038633.7
209 919 84 101 279 125 203 37 1038633.7
158 919 32 100 248 128 188 37 815319.8
374 92 32 219 248 267 188 31 582405.8
374 92 32 219 248 267 188 31 523666.66
16 919 54 100 248 128 188 37 407306.34
16 919 54 217 248 125 230 31 314033.0
298 499 105 101 279 125 203 149 252932.5
374 92 32 217 248 267 230 31 205647.5
158 92 32 217 248 267 230 31 128209.0
16 92 54 217 248 267 230 31 93642.164
16 92 54 217 248 267 230 31 80823.5
16 92 54 217 294 267 230 31 78723.836
16 919 54 217 248 125 230 31 73337.5
158 919 32 100 248 128 188 37 15797.667
209 919 32 100 148 128 58 37 -27257.666
Mejor: 209 919 84 101 279 125 203 37 1038633.7

-------------------------------------------------
GENERACIÓN 19
209 919 84 101 279 125 203 37 1038633.7
209 919 84 101 279 125 203 37 1038633.7
158 919 32 100 248 128 188 37 815319.8
374 92 32 219 248 267 188 31 582405.8
374 92 32 219 248 267 188 31 523666.66
16 919 54 100 248 128 188 37 407306.34
16 919 54 217 248 125 230 31 314033.0
298 499 105 101 279 125 203 149 252932.5
374 92 32 217 248 267 230 31 205647.5
158 92 32 217 248 267 230 31 128209.0
16 92 54 217 248 267 230 31 93642.164
16 92 54 217 248 267 230 31 80823.5
16 92 54 217 294 267 230 31 78723.836
16 919 54 217 248 125 230 31 73337.5
158 919 32 100 248 128 188 37 15797.667
158 919 84 101 279 125 203 37 -25368.0
Mejor: 209 919 84 101 279 125 203 37 1038633.7

-------------------------------------------------
GENERACIÓN 20
209 919 84 101 279 125 203 37 1038633.7
209 919 84 101 279 125 203 37 1038633.7
158 919 32 100 248 128 188 37 815319.8
374 92 32 219 248 267 188 31 582405.8
374 92 32 219 248 267 188 31 523666.66
16 919 54 100 248 128 188 37 407306.34
16 919 54 217 248 125 230 31 314033.0
298 499 105 101 279 125 203 149 252932.5
374 92 32 217 248 267 230 31 205647.5
158 92 32 217 248 267 230 31 128209.0
16 92 54 217 248 267 230 31 93642.164
16 92 54 217 248 267 230 31 80823.5
16 92 54 217 294 267 230 31 78723.836
16 919 54 217 248 125 230 31 73337.5
158 919 32 100 248 128 188 37 15797.667
158 919 84 101 279 125 203 37 -25368.0
Mejor: 209 919 84 101 279 125 203 37 1038633.7

-------------------------------------------------
