GENERACIÓN 0
736 895 33 123 69 279 243 231 -1986332.0
146 428 113 166 247 175 107 221 -3164248.0
826 872 216 32 152 199 285 298 -3376632.2
376 601 168 233 291 154 6 150 -4708241.0
880 915 28 38 261 128 28 243 -4769586.0
348 599 156 208 213 173 178 40 -5020459.5
764 912 184 239 208 94 60 27 -5108177.5
165 808 181 11 245 39 154 21 -5567291.5
480 493 125 224 141 30 56 231 -5577109.0
592 631 33 177 129 35 39 216 -5651291.5
521 621 238 60 1 141 245 274 -5768787.5
410 773 50 80 255 141 192 234 -5793944.5
380 747 33 152 111 287 234 217 -6342726.5
628 658 174 283 295 163 238 111 -6390990.5
472 556 252 124 298 239 208 219 -6657737.5
429 697 95 236 246 64 279 172 -6758075.5
Mejor: 736 895 33 123 69 279 243 231 -1986332.0

-------------------------------------------------
GENERACIÓN 1
736 895 33 123 69 279 243 231 -1986332.0
146 428 113 166 247 175 107 221 -3164248.0
826 872 216 32 152 199 285 298 -3376632.2
736 895 33 123 69 279 243 231 -4037561.2
410 915 50 38 261 141 28 243 -4694690.5
376 601 168 233 291 154 6 150 -4708241.0
880 915 28 38 261 128 28 243 -4769586.0
348 599 156 208 213 173 178 40 -5020459.5
764 912 184 239 208 94 60 27 -5108177.5
410 872 50 80 152 141 285 234 -5365365.5
764 621 184 60 208 141 60 27 -5444428.5
165 808 181 11 245 39 154 21 -5567291.5
521 912 238 239 1 94 245 274 -5567370.5
480 493 125 224 141 30 56 231 -5577109.0
376 601 168 233 291 154 6 150 -5604995.5
592 631 33 177 129 35 39 216 -5651291.5
Mejor: 736 895 33 123 69 279 243 231 -1986332.0

-------------------------------------------------
GENERACIÓN 2
736 895 33 123 69 279 243 231 -1986332.0
736 915 50 38 261 141 243 231 -2149303.0
146 428 113 166 247 175 107 221 -3164248.0
826 872 216 32 152 199 285 298 -3376632.2
880 915 28 38 261 128 28 243 -3387611.2
146 601 113 233 247 175 6 221 -3956343.8
736 895 33 123 69 279 243 231 -4037561.2
410 915 50 38 261 141 28 243 -4694690.5
376 601 168 233 291 154 6 150 -4708241.0
880 915 28 38 261 128 28 243 -4769586.0
880 915 28 38 261 128 28 243 -4832157.5
764 621 184 60 208 141 60 27 -4985626.5
348 599 156 208 213 173 178 40 -5020459.5
826 872 216 32 152 199 285 234 -5056079.5
764 912 184 239 208 94 60 27 -5108177.5
376 428 168 166 291 154 107 150 -5305150.0
Mejor: 736 895 33 123 69 279 243 231 -1986332.0

-------------------------------------------------
GENERACIÓN 3
736 895 33 123 69 279 243 231 -1986332.0
736 915 50 38 261 141 243 231 -2149303.0
880 428 113 38 247 128 107 243 -2553286.8
146 428 113 166 247 175 107 221 -3164248.0
826 872 216 32 152 199 285 298 -3376632.2
880 915 28 38 261 128 28 243 -3387611.2
348 895 156 123 213 279 243 40 -3499625.2
146 601 113 233 247 175 6 221 -3956343.8
736 895 33 123 69 279 243 231 -4037561.2
376 915 168 233 261 154 28 243 -4248852.5
736 915 50 38 261 141 243 231 -4315226.5
410 915 50 38 261 141 28 243 -4694690.5
376 601 168 233 291 154 6 150 -4708241.0
880 915 28 38 261 128 28 243 -4769586.0
880 915 28 38 261 128 28 243 -4832157.5
764 621 184 60 208 141 60 27 -4985626.5
Mejor: 736 895 33 123 69 279 243 231 -1986332.0

-------------------------------------------------
GENERACIÓN 4
736 895 33 123 69 279 243 231 -1986332.0
736 915 50 38 261 141 243 231 -2149303.0
880 428 113 38 247 128 107 243 -2553286.8
146 428 113 166 247 175 107 221 -3164248.0
826 872 216 32 152 199 285 298 -3376632.2
880 915 28 38 261 128 28 243 -3387611.2
348 895 156 123 213 279 243 40 -3499625.2
826 872 216 32 152 199 285 298 -3572562.8
146 601 113 233 247 175 6 221 -3956343.8
736 895 33 123 69 279 243 231 -4037561.2
826 872 216 38 152 199 243 231 -4110522.8
376 915 168 233 261 154 28 243 -4248852.5
736 915 50 38 261 141 243 231 -4315226.5
146 601 113 233 247 128 6 243 -4653580.0
410 915 50 38 261 141 28 243 -4694690.5
376 601 168 233 291 154 6 150 -4708241.0
Mejor: 736 895 33 123 69 279 243 231 -1986332.0

-------------------------------------------------
GENERACIÓN 5
736 895 33 123 69 279 243 231 -1986332.0
736 915 50 38 261 141 243 231 -2149303.0
880 428 113 38 247 128 107 243 -2553286.8
146 428 113 166 247 175 107 221 -3164248.0
826 872 216 32 152 199 285 298 -3376632.2
880 915 28 38 261 128 28 243 -3387611.2
348 895 156 123 213 279 243 40 -3499625.2
826 872 216 32 152 199 285 298 -3572562.8
146 601 113 233 247 175 6 221 -3956343.8
736 895 33 123 69 279 243 231 -4037561.2
826 872 216 38 152 199 243 231 -4110522.8
376 915 168 233 261 154 28 243 -4248852.5
736 895 33 123 69 279 243 231 -4311981.5
736 915 50 38 261 141 243 231 -4315226.5
736 895 33 233 69 175 6 231 -4350982.0
146 601 113 233 247 128 6 243 -4653580.0
Mejor: 736 895 33 123 69 279 243 231 -1986332.0

-------------------------------------------------
GENERACIÓN 6
736 895 33 123 69 279 243 231 -1986332.0
736 915 50 38 261 141 243 231 -2149303.0
826 872 156 38 152 199 243 40 -2377911.0
880 428 113 38 247 128 107 243 -2553286.8
146 428 113 166 247 175 107 221 -3164248.0
826 872 216 32 152 199 285 298 -3376632.2
880 915 28 38 261 128 28 243 -3387611.2
348 895 156 123 213 279 243 40 -3499625.2
826 872 216 32 152 199 285 298 -3572562.8
146 601 113 233 247 175 6 221 -3956343.8
736 895 33 123 69 279 243 231 -4037561.2
826 872 216 38 152 199 243 231 -4110522.8
376 915 168 233 261 154 28 243 -4248852.5
736 895 33 123 69 279 243 231 -4283900.0
736 895 33 123 69 279 243 231 -4311981.5
736 915 50 38 261 141 243 231 -4315226.5
Mejor: 736 895 33 123 69 279 243 231 -1986332.0

-------------------------------------------------
GENERACIÓN 7
736 895 33 123 69 279 243 231 -1986332.0
736 915 50 38 261 141 243 231 -2149303.0
826 872 156 38 152 199 243 40 -2377911.0
880 428 113 38 247 128 107 243 -2553286.8
146 428 113 166 247 175 107 221 -3164248.0
376 872 216 32 152 154 285 298 -3172339.0
826 872 216 32 152 199 285 298 -3376632.2
880 915 28 38 261 128 28 243 -3387611.2
880 601 113 38 247 175 28 243 -3449694.0
348 895 156 123 213 279 243 40 -3499625.2
826 872 216 32 152 199 285 298 -3572562.8
146 601 113 233 247 175 6 221 -3956343.8
736 895 33 123 69 279 243 231 -4037561.2
826 872 216 38 152 199 243 231 -4110522.8
376 915 168 233 261 154 28 243 -4248852.5
736 895 33 123 69 279 243 231 -4283900.0
Mejor: 736 895 33 123 69 279 243 231 -1986332.0

-------------------------------------------------
GENERACIÓN 8
736 895 33 123 69 279 243 231 -1986332.0
736 915 50 38 261 141 243 231 -2149303.0
826 872 156 38 152 199 243 40 -2377911.0
880 428 113 38 247 128 107 243 -2553286.8
146 428 113 166 247 175 107 221 -3164248.0
376 872 216 32 152 154 285 298 -3172339.0
826 872 216 32 152 199 285 298 -3376632.2
880 915 28 38 261 128 28 243 -3387611.2
880 601 113 38 247 175 28 243 -3449694.0
348 895 156 123 213 279 243 40 -3499625.2
826 872 216 32 152 199 285 298 -3572562.8
736 895 33 123 69 279 243 231 -3582910.0
146 601 113 233 247 175 6 221 -3956343.8
826 872 216 32 152 199 285 298 -4016642.0
736 895 33 123 69 279 243 231 -4037561.2
826 872 216 38 152 199 243 231 -4110522.8
Mejor: 736 895 33 123 69 279 243 231 -1986332.0

-------------------------------------------------
GENERACIÓN 9
736 895 33 123 69 279 243 231 -1986332.0
736 915 50 38 261 141 243 231 -2149303.0
826 872 156 38 152 199 243 40 -2377911.0
880 428 113 38 247 128 107 243 -2553286.8
146 428 113 166 247 175 107 221 -3164248.0
376 872 216 32 152 154 285 298 -3172339.0
826 872 216 32 152 199 285 298 -3376632.2
880 915 28 38 261 128 28 243 -3387611.2
880 601 113 38 247 175 28 243 -3449694.0
348 895 156 123 213 279 243 40 -3499625.2
826 872 216 32 152 199 285 298 -3572562.8
736 895 33 123 69 279 243 231 -3582910.0
146 601 113 233 247 175 6 221 -3956343.8
826 872 216 32 152 199 285 298 -4016642.0
736 895 33 123 69 279 243 231 -4037561.2
826 895 33 123 152 279 243 40 -4109143.2
Mejor: 736 895 33 123 69 279 243 231 -1986332.0

-------------------------------------------------
GENERACIÓN 10
736 895 33 123 69 279 243 231 -1986332.0
736 915 50 38 261 141 243 231 -2149303.0
826 872 156 38 152 199 243 40 -2377911.0
880 428 113 38 247 128 107 243 -2553286.8
146 428 113 166 247 128 107 221 -3027875.0
146 428 113 166 247 175 107 221 -3164248.0
376 872 216 32 152 154 285 298 -3172339.0
826 872 216 32 152 199 285 298 -3376632.2
880 915 28 38 261 128 28 243 -3387611.2
880 601 113 38 247 175 28 243 -3449694.0
348 895 156 123 213 279 243 40 -3499625.2
826 872 216 32 152 199 285 298 -3572562.8
736 895 33 123 69 279 243 231 -3582910.0
880 872 113 38 152 128 285 243 -3856285.8
146 601 113 233 247 175 6 221 -3956343.8
826 872 216 32 152 199 285 298 -4016642.0
Mejor: 736 895 33 123 69 279 243 231 -1986332.0

-------------------------------------------------
GENERACIÓN 11
736 895 33 123 69 279 243 231 -1986332.0
736 915 50 38 261 141 243 231 -2149303.0
826 872 156 38 152 199 243 40 -2377911.0
880 428 113 38 247 128 107 243 -2553286.8
146 428 113 166 247 128 107 221 -3027875.0
146 428 113 166 247 175 107 221 -3164248.0
376 872 216 32 152 154 285 298 -3172339.0
826 872 216 32 152 199 285 298 -3376632.2
880 915 28 38 261 128 28 243 -3387611.2
880 601 113 38 247 175 28 243 -3449694.0
348 895 156 123 213 279 243 40 -3499625.2
826 872 216 32 152 199 285 298 -3572562.8
736 895 33 123 69 279 243 231 -3582910.0
880 872 113 38 152 128 285 243 -3856285.8
146 601 113 233 247 175 6 221 -3956343.8
826 872 216 32 152 199 285 298 -4016642.0
Mejor: 736 895 33 123 69 279 243 231 -1986332.0

-------------------------------------------------
GENERACIÓN 12
736 895 33 123 69 279 243 231 -1986332.0
736 915 50 38 261 141 243 231 -2149303.0
826 872 156 38 152 199 243 40 -2377911.0
880 428 113 38 247 128 107 243 -2553286.8
146 428 113 166 247 128 107 221 -3027875.0
146 428 113 166 247 175 107 221 -3164248.0
376 872 216 32 152 154 285 298 -3172339.0
826 872 216 32 152 199 285 298 -3376632.2
880 915 28 38 261 128 28 243 -3387611.2
880 601 113 38 247 175 28 243 -3449694.0
348 895 156 123 213 279 243 40 -3499625.2
826 872 216 32 152 199 285 298 -3572562.8
736 895 33 123 69 279 243 231 -3582910.0
736 915 50 38 261 141 243 231 -3602280.0
880 872 113 38 152 128 285 243 -3856285.8
146 601 113 233 247 175 6 221 -3956343.8
Mejor: 736 895 33 123 69 279 243 231 -1986332.0

-------------------------------------------------
GENERACIÓN 13
826 872 156 38 152 199 243 40 -1891828.1
826 872 156 38 152 199 243 40 -1891828.1
736 915 50 38 261 141 243 231 -2149303.0
826 872 156 38 152 199 243 40 -2377911.0
880 428 113 38 247 128 107 243 -2553286.8
146 428 113 166 247 128 107 221 -3027875.0
146 428 113 166 247 175 107 221 -3164248.0
376 872 216 32 152 154 285 298 -3172339.0
826 872 216 32 152 199 285 298 -3376632.2
146 428 113 166 247 128 107 221 -3382006.8
880 915 28 38 261 128 28 243 -3387611.2
880 601 113 38 247 175 28 243 -3449694.0
348 895 156 123 213 279 243 40 -3499625.2
826 872 216 32 152 199 285 298 -3572562.8
736 895 33 123 69 279 243 231 -3582910.0
736 915 50 38 261 141 243 231 -3602280.0
Mejor: 826 872 156 38 152 199 243 40 -1891828.1

-------------------------------------------------
GENERACIÓN 14
826 872 156 38 152 199 243 40 -1891828.1
826 872 156 38 152 199 243 40 -1891828.1
736 915 50 38 261 141 243 231 -2149303.0
826 872 156 38 152 199 243 40 -2377911.0
880 428 113 38 247 128 107 243 -2553286.8
146 428 113 166 247 128 107 221 -3027875.0
146 428 113 166 247 175 107 221 -3164248.0
376 872 216 32 152 154 285 298 -3172339.0
826 872 216 32 152 199 285 298 -3376632.2
146 428 113 166 247 128 107 221 -3382006.8
880 915 28 38 261 128 28 243 -3387611.2
880 601 113 38 247 175 28 243 -3449694.0
348 895 156 123 213 279 243 40 -3499625.2
826 872 216 32 152 199 285 298 -3572562.8
736 895 33 123 69 279 243 231 -3582910.0
736 915 50 38 261 141 243 231 -3602280.0
Mejor: 826 872 156 38 152 199 243 40 -1891828.1

-------------------------------------------------
GENERACIÓN 15
826 872 156 38 152 199 243 40 -1891828.1
826 872 156 38 152 199 243 40 -1891828.1
736 915 50 38 261 141 243 231 -2149303.0
826 872 156 38 152 199 243 40 -2377911.0
880 428 113 38 247 128 107 243 -2553286.8
736 915 50 38 261 141 243 231 -2929836.8
146 428 113 166 247 128 107 221 -3027875.0
146 428 113 166 247 175 107 221 -3164248.0
376 872 216 32 152 154 285 298 -3172339.0
146 428 113 38 152 128 243 221 -3328780.2
826 872 216 32 152 199 285 298 -3376632.2
146 428 113 166 247 128 107 221 -3382006.8
880 915 28 38 261 128 28 243 -3387611.2
880 601 113 38 247 175 28 243 -3449694.0
376 872 216 32 152 154 285 298 -3488880.0
348 895 156 123 213 279 243 40 -3499625.2
Mejor: 826 872 156 38 152 199 243 40 -1891828.1

-------------------------------------------------
GENERACIÓN 16
826 872 156 38 152 199 243 40 -1891828.1
826 872 156 38 152 199 243 40 -1891828.1
736 915 50 38 261 141 243 231 -2149303.0
826 872 156 38 152 199 243 40 -2377911.0
880 428 113 38 247 128 107 243 -2553286.8
736 915 50 38 261 141 243 231 -2929836.8
146 428 113 166 247 128 107 221 -3027875.0
146 428 113 166 247 175 107 221 -3164248.0
376 872 216 32 152 154 285 298 -3172339.0
146 428 113 38 152 128 243 221 -3328780.2
826 872 216 32 152 199 285 298 -3376632.2
146 428 113 166 247 128 107 221 -3382006.8
880 915 28 38 261 128 28 243 -3387611.2
880 601 113 38 247 175 28 243 -3449694.0
376 872 216 32 152 154 285 298 -3488880.0
348 895 156 123 213 279 243 40 -3499625.2
Mejor: 826 872 156 38 152 199 243 40 -1891828.1

-------------------------------------------------
GENERACIÓN 17
826 872 156 38 152 199 243 40 -1891828.1
826 872 156 38 152 199 243 40 -1891828.1
736 915 50 38 261 141 243 231 -2149303.0
826 872 156 38 152 199 243 40 -2377911.0
880 428 113 38 247 128 107 243 -2553286.8
736 915 50 38 261 141 243 231 -2929836.8
146 428 113 166 247 128 107 221 -3027875.0
146 428 113 166 247 175 107 221 -3164248.0
376 872 216 32 152 154 285 298 -3172339.0
146 428 113 38 152 128 243 221 -3328780.2
826 872 216 32 152 199 285 298 -3376632.2
146 428 113 166 247 128 107 221 -3382006.8
880 915 28 38 261 128 28 243 -3387611.2
880 601 113 38 247 175 28 243 -3449694.0
376 872 216 32 152 154 285 298 -3488880.0
348 895 156 123 213 279 243 40 -3499625.2
Mejor: 826 872 156 38 152 199 243 40 -1891828.1

-------------------------------------------------
GENERACIÓN 18
826 872 156 38 152 199 243 40 -1891828.1
826 872 156 38 152 199 243 40 -1891828.1
736 915 50 38 261 141 243 231 -2149303.0
826 872 156 38 152 199 243 40 -2377911.0
880 428 113 38 247 128 107 243 -2553286.8
736 915 50 38 261 141 243 231 -2929836.8
146 428 113 166 247 128 107 221 -3027875.0
146 428 113 166 247 175 107 221 -3164248.0
376 872 216 32 152 154 285 298 -3172339.0
146 428 113 38 152 128 243 221 -3328780.2
826 872 216 32 152 199 285 298 -3376632.2
146 428 113 166 247 128 107 221 -3382006.8
880 915 28 38 261 128 28 243 -3387611.2
880 601 113 38 247 175 28 243 -3449694.0
376 872 216 32 152 154 285 298 -3488880.0
348 895 156 123 213 279 243 40 -3499625.2
Mejor: 826 872 156 38 152 199 243 40 -1891828.1

-------------------------------------------------
GENERACIÓN 19
826 872 156 38 152 199 243 40 -1891828.1
826 872 156 38 152 199 243 40 -1891828.1
736 915 50 38 261 141 243 231 -2149303.0
826 872 156 38 152 199 243 40 -2377911.0
880 428 113 38 247 128 107 243 -2553286.8
736 915 50 38 261 141 243 231 -2929836.8
146 428 113 166 247 128 107 221 -3027875.0
146 428 113 166 247 175 107 221 -3164248.0
376 872 216 32 152 154 285 298 -3172339.0
146 872 216 32 247 175 107 298 -3319667.0
146 428 113 38 152 128 243 221 -3328780.2
826 872 216 32 152 199 285 298 -3376632.2
146 428 113 166 247 128 107 221 -3382006.8
880 915 28 38 261 128 28 243 -3387611.2
880 601 113 38 247 175 28 243 -3449694.0
376 872 216 32 152 154 285 298 -3488880.0
Mejor: 826 872 156 38 152 199 243 40 -1891828.1

-------------------------------------------------
GENERACIÓN 20
826 872 156 38 152 199 243 40 -1891828.1
826 872 156 38 152 199 243 40 -1891828.1
736 915 50 38 261 141 243 231 -2149303.0
826 872 156 38 152 199 243 40 -2377911.0
880 428 113 38 247 128 107 243 -2553286.8
736 915 50 38 261 141 243 231 -2929836.8
146 428 113 166 247 128 107 221 -3027875.0
146 428 113 166 247 175 107 221 -3164248.0
376 872 216 32 152 154 285 298 -3172339.0
146 872 216 32 247 175 107 298 -3319667.0
146 428 113 38 152 128 243 221 -3328780.2
826 872 216 32 152 199 285 298 -3376632.2
146 428 113 166 247 128 107 221 -3382006.8
880 915 28 38 261 128 28 243 -3387611.2
826 872 216 38 152 175 107 40 -3435354.8
880 601 113 38 247 175 28 243 -3449694.0
Mejor: 826 872 156 38 152 199 243 40 -1891828.1

-------------------------------------------------
